{
  "olmo3-think-sft": {
    "3": {
      "matrix": [
        [
          0.9999999403953552,
          0.9050132632255554,
          0.9205306172370911,
          0.8983680605888367
        ],
        [
          0.9050132632255554,
          1.0000001192092896,
          0.9047131538391113,
          0.8778960704803467
        ],
        [
          0.9205306172370911,
          0.9047131538391113,
          1.0,
          0.8641225695610046
        ],
        [
          0.8983680605888367,
          0.8778960704803467,
          0.8641225695610046,
          1.000000238418579
        ]
      ],
      "concepts": [
        "code",
        "general",
        "if",
        "math"
      ]
    },
    "6": {
      "matrix": [
        [
          1.0,
          0.9000936150550842,
          0.8930531740188599,
          0.8923439979553223
        ],
        [
          0.9000936150550842,
          1.000000238418579,
          0.8736428022384644,
          0.894738495349884
        ],
        [
          0.8930531740188599,
          0.8736428022384644,
          1.0000001192092896,
          0.8555120825767517
        ],
        [
          0.8923439979553223,
          0.894738495349884,
          0.8555120825767517,
          0.9999997615814209
        ]
      ],
      "concepts": [
        "code",
        "general",
        "if",
        "math"
      ]
    },
    "9": {
      "matrix": [
        [
          0.9999998807907104,
          0.8812372088432312,
          0.8410208821296692,
          0.8687837719917297
        ],
        [
          0.8812372088432312,
          1.0000001192092896,
          0.8212502002716064,
          0.8834710121154785
        ],
        [
          0.8410208821296692,
          0.8212502002716064,
          1.0000001192092896,
          0.8102450370788574
        ],
        [
          0.8687837719917297,
          0.8834710121154785,
          0.8102450370788574,
          0.9999998807907104
        ]
      ],
      "concepts": [
        "code",
        "general",
        "if",
        "math"
      ]
    },
    "12": {
      "matrix": [
        [
          1.0,
          0.8745429515838623,
          0.8181861042976379,
          0.8562414050102234
        ],
        [
          0.8745429515838623,
          1.000000238418579,
          0.7957624793052673,
          0.8739773035049438
        ],
        [
          0.8181861042976379,
          0.7957624793052673,
          0.9999999403953552,
          0.7837707996368408
        ],
        [
          0.8562414050102234,
          0.8739773035049438,
          0.7837707996368408,
          1.000000238418579
        ]
      ],
      "concepts": [
        "code",
        "general",
        "if",
        "math"
      ]
    },
    "16": {
      "matrix": [
        [
          1.000000238418579,
          0.8586431741714478,
          0.812820315361023,
          0.836542546749115
        ],
        [
          0.8586431741714478,
          1.0000001192092896,
          0.8041279315948486,
          0.853558361530304
        ],
        [
          0.812820315361023,
          0.8041279315948486,
          1.0000001192092896,
          0.7638777494430542
        ],
        [
          0.836542546749115,
          0.853558361530304,
          0.7638777494430542,
          1.000000238418579
        ]
      ],
      "concepts": [
        "code",
        "general",
        "if",
        "math"
      ]
    },
    "19": {
      "matrix": [
        [
          1.0000001192092896,
          0.8475661277770996,
          0.8302028775215149,
          0.8122332096099854
        ],
        [
          0.8475661277770996,
          1.0,
          0.8291687369346619,
          0.8265949487686157
        ],
        [
          0.8302028775215149,
          0.8291687369346619,
          1.0,
          0.7548282742500305
        ],
        [
          0.8122332096099854,
          0.8265949487686157,
          0.7548282742500305,
          0.9999997615814209
        ]
      ],
      "concepts": [
        "code",
        "general",
        "if",
        "math"
      ]
    },
    "22": {
      "matrix": [
        [
          1.0,
          0.8214964270591736,
          0.817708432674408,
          0.7535640597343445
        ],
        [
          0.8214964270591736,
          1.0,
          0.8333690166473389,
          0.7947666645050049
        ],
        [
          0.817708432674408,
          0.8333690166473389,
          1.0000001192092896,
          0.7363022565841675
        ],
        [
          0.7535640597343445,
          0.7947666645050049,
          0.7363022565841675,
          0.9999999403953552
        ]
      ],
      "concepts": [
        "code",
        "general",
        "if",
        "math"
      ]
    },
    "25": {
      "matrix": [
        [
          1.0,
          0.8155089616775513,
          0.8059979677200317,
          0.6897988319396973
        ],
        [
          0.8155089616775513,
          1.0,
          0.8343150019645691,
          0.7484979033470154
        ],
        [
          0.8059979677200317,
          0.8343150019645691,
          1.000000238418579,
          0.7026680707931519
        ],
        [
          0.6897988319396973,
          0.7484979033470154,
          0.7026680707931519,
          0.9999999403953552
        ]
      ],
      "concepts": [
        "code",
        "general",
        "if",
        "math"
      ]
    },
    "28": {
      "matrix": [
        [
          1.0,
          0.8052811622619629,
          0.7929034233093262,
          0.6710547208786011
        ],
        [
          0.8052811622619629,
          1.0,
          0.8154260516166687,
          0.7238106727600098
        ],
        [
          0.7929034233093262,
          0.8154260516166687,
          1.000000238418579,
          0.6895917654037476
        ],
        [
          0.6710547208786011,
          0.7238106727600098,
          0.6895917654037476,
          1.0
        ]
      ],
      "concepts": [
        "code",
        "general",
        "if",
        "math"
      ]
    },
    "31": {
      "matrix": [
        [
          1.0,
          0.8692179918289185,
          0.8833045959472656,
          0.8039852380752563
        ],
        [
          0.8692179918289185,
          0.9999999403953552,
          0.8843021392822266,
          0.8238680958747864
        ],
        [
          0.8833045959472656,
          0.8843021392822266,
          1.0000003576278687,
          0.8334746956825256
        ],
        [
          0.8039852380752563,
          0.8238680958747864,
          0.8334746956825256,
          1.0000001192092896
        ]
      ],
      "concepts": [
        "code",
        "general",
        "if",
        "math"
      ]
    }
  },
  "olmo3-instruct-sft": {
    "3": {
      "matrix": [
        [
          0.9999998807907104,
          0.9084319472312927,
          0.9192520976066589,
          0.8992932438850403
        ],
        [
          0.9084319472312927,
          1.0,
          0.9035130739212036,
          0.8850823640823364
        ],
        [
          0.9192520976066589,
          0.9035130739212036,
          0.9999999403953552,
          0.8659150004386902
        ],
        [
          0.8992932438850403,
          0.8850823640823364,
          0.8659150004386902,
          0.9999998211860657
        ]
      ],
      "concepts": [
        "code",
        "general",
        "if",
        "math"
      ]
    },
    "6": {
      "matrix": [
        [
          1.0000001192092896,
          0.9023299217224121,
          0.8948155045509338,
          0.8906920552253723
        ],
        [
          0.9023299217224121,
          0.9999999403953552,
          0.8865389823913574,
          0.9059180617332458
        ],
        [
          0.8948155045509338,
          0.8865389823913574,
          1.0,
          0.8668095469474792
        ],
        [
          0.8906920552253723,
          0.9059180617332458,
          0.8668095469474792,
          1.0000001192092896
        ]
      ],
      "concepts": [
        "code",
        "general",
        "if",
        "math"
      ]
    },
    "9": {
      "matrix": [
        [
          1.000000238418579,
          0.8847171664237976,
          0.8480877876281738,
          0.870533287525177
        ],
        [
          0.8847171664237976,
          1.0,
          0.8416017889976501,
          0.8970193862915039
        ],
        [
          0.8480877876281738,
          0.8416017889976501,
          1.0000001192092896,
          0.8241477012634277
        ],
        [
          0.870533287525177,
          0.8970193862915039,
          0.8241477012634277,
          1.000000238418579
        ]
      ],
      "concepts": [
        "code",
        "general",
        "if",
        "math"
      ]
    },
    "12": {
      "matrix": [
        [
          1.000000238418579,
          0.853615939617157,
          0.7993254065513611,
          0.8236320614814758
        ],
        [
          0.853615939617157,
          1.0000001192092896,
          0.8243255019187927,
          0.877747118473053
        ],
        [
          0.7993254065513611,
          0.8243255019187927,
          1.0000001192092896,
          0.7851036787033081
        ],
        [
          0.8236320614814758,
          0.877747118473053,
          0.7851036787033081,
          1.0
        ]
      ],
      "concepts": [
        "code",
        "general",
        "if",
        "math"
      ]
    },
    "16": {
      "matrix": [
        [
          1.0,
          0.772637665271759,
          0.7306767106056213,
          0.7297458052635193
        ],
        [
          0.772637665271759,
          1.0000001192092896,
          0.8126317262649536,
          0.8388715982437134
        ],
        [
          0.7306767106056213,
          0.8126317262649536,
          1.0000001192092896,
          0.7295958995819092
        ],
        [
          0.7297458052635193,
          0.8388715982437134,
          0.7295958995819092,
          1.000000238418579
        ]
      ],
      "concepts": [
        "code",
        "general",
        "if",
        "math"
      ]
    },
    "19": {
      "matrix": [
        [
          1.000000238418579,
          0.7559448480606079,
          0.72104412317276,
          0.6696120500564575
        ],
        [
          0.7559448480606079,
          1.0000001192092896,
          0.8234410285949707,
          0.7590946555137634
        ],
        [
          0.72104412317276,
          0.8234410285949707,
          0.9999998807907104,
          0.6931448578834534
        ],
        [
          0.6696120500564575,
          0.7590946555137634,
          0.6931448578834534,
          0.9999998807907104
        ]
      ],
      "concepts": [
        "code",
        "general",
        "if",
        "math"
      ]
    },
    "22": {
      "matrix": [
        [
          1.0,
          0.7072280049324036,
          0.67758709192276,
          0.600675106048584
        ],
        [
          0.7072280049324036,
          1.000000238418579,
          0.8249645829200745,
          0.7238042950630188
        ],
        [
          0.67758709192276,
          0.8249645829200745,
          1.000000238418579,
          0.674907386302948
        ],
        [
          0.600675106048584,
          0.7238042950630188,
          0.674907386302948,
          1.000000238418579
        ]
      ],
      "concepts": [
        "code",
        "general",
        "if",
        "math"
      ]
    },
    "25": {
      "matrix": [
        [
          1.0000001192092896,
          0.7104066014289856,
          0.6726937294006348,
          0.5508424639701843
        ],
        [
          0.7104066014289856,
          1.0,
          0.8129463791847229,
          0.6751686334609985
        ],
        [
          0.6726937294006348,
          0.8129463791847229,
          1.0,
          0.6283717751502991
        ],
        [
          0.5508424639701843,
          0.6751686334609985,
          0.6283717751502991,
          0.9999999403953552
        ]
      ],
      "concepts": [
        "code",
        "general",
        "if",
        "math"
      ]
    },
    "28": {
      "matrix": [
        [
          1.0,
          0.6960227489471436,
          0.6415013074874878,
          0.52884840965271
        ],
        [
          0.6960227489471436,
          0.9999998211860657,
          0.7774130702018738,
          0.6542609930038452
        ],
        [
          0.6415013074874878,
          0.7774130702018738,
          1.0000001192092896,
          0.5915140509605408
        ],
        [
          0.52884840965271,
          0.6542609930038452,
          0.5915140509605408,
          0.9999998807907104
        ]
      ],
      "concepts": [
        "code",
        "general",
        "if",
        "math"
      ]
    },
    "31": {
      "matrix": [
        [
          1.0000001192092896,
          0.8687994480133057,
          0.8693237900733948,
          0.8018375039100647
        ],
        [
          0.8687994480133057,
          1.0000003576278687,
          0.9070969223976135,
          0.8383851647377014
        ],
        [
          0.8693237900733948,
          0.9070969223976135,
          1.0000003576278687,
          0.8302811980247498
        ],
        [
          0.8018375039100647,
          0.8383851647377014,
          0.8302811980247498,
          1.0000001192092896
        ]
      ],
      "concepts": [
        "code",
        "general",
        "if",
        "math"
      ]
    }
  },
  "olmo3-rl-zero-math": {
    "3": {
      "matrix": [
        [
          1.0,
          0.9304133653640747,
          0.9516461491584778,
          0.9265314340591431
        ],
        [
          0.9304133653640747,
          1.000000238418579,
          0.9430375099182129,
          0.9130355715751648
        ],
        [
          0.9516461491584778,
          0.9430375099182129,
          0.9999998807907104,
          0.9083607792854309
        ],
        [
          0.9265314340591431,
          0.9130355715751648,
          0.9083607792854309,
          1.0
        ]
      ],
      "concepts": [
        "code",
        "general",
        "if",
        "math"
      ]
    },
    "6": {
      "matrix": [
        [
          1.0000001192092896,
          0.9074945449829102,
          0.9187775254249573,
          0.8871748447418213
        ],
        [
          0.9074945449829102,
          0.9999998211860657,
          0.9211512804031372,
          0.8944091200828552
        ],
        [
          0.9187775254249573,
          0.9211512804031372,
          1.0000001192092896,
          0.8663670420646667
        ],
        [
          0.8871748447418213,
          0.8944091200828552,
          0.8663670420646667,
          0.9999999403953552
        ]
      ],
      "concepts": [
        "code",
        "general",
        "if",
        "math"
      ]
    },
    "9": {
      "matrix": [
        [
          0.9999997615814209,
          0.8844842910766602,
          0.8757869005203247,
          0.8660885691642761
        ],
        [
          0.8844842910766602,
          0.9999998211860657,
          0.8839995265007019,
          0.8831040859222412
        ],
        [
          0.8757869005203247,
          0.8839995265007019,
          0.9999997019767761,
          0.8180350661277771
        ],
        [
          0.8660885691642761,
          0.8831040859222412,
          0.8180350661277771,
          1.0
        ]
      ],
      "concepts": [
        "code",
        "general",
        "if",
        "math"
      ]
    },
    "12": {
      "matrix": [
        [
          1.0000001192092896,
          0.8551442623138428,
          0.8189343214035034,
          0.8249244689941406
        ],
        [
          0.8551442623138428,
          0.9999998807907104,
          0.8432452082633972,
          0.8570218086242676
        ],
        [
          0.8189343214035034,
          0.8432452082633972,
          1.0,
          0.7678189277648926
        ],
        [
          0.8249244689941406,
          0.8570218086242676,
          0.7678189277648926,
          1.000000238418579
        ]
      ],
      "concepts": [
        "code",
        "general",
        "if",
        "math"
      ]
    },
    "16": {
      "matrix": [
        [
          0.9999995231628418,
          0.7772754430770874,
          0.7609349489212036,
          0.7393311262130737
        ],
        [
          0.7772754430770874,
          1.0,
          0.804918110370636,
          0.8041760921478271
        ],
        [
          0.7609349489212036,
          0.804918110370636,
          0.9999998807907104,
          0.693260669708252
        ],
        [
          0.7393311262130737,
          0.8041760921478271,
          0.693260669708252,
          1.0000001192092896
        ]
      ],
      "concepts": [
        "code",
        "general",
        "if",
        "math"
      ]
    },
    "19": {
      "matrix": [
        [
          1.0000001192092896,
          0.7622791528701782,
          0.7395402193069458,
          0.7098162174224854
        ],
        [
          0.7622791528701782,
          1.000000238418579,
          0.7924787402153015,
          0.7842677235603333
        ],
        [
          0.7395402193069458,
          0.7924787402153015,
          1.0000001192092896,
          0.6646475791931152
        ],
        [
          0.7098162174224854,
          0.7842677235603333,
          0.6646475791931152,
          0.9999998807907104
        ]
      ],
      "concepts": [
        "code",
        "general",
        "if",
        "math"
      ]
    },
    "22": {
      "matrix": [
        [
          0.9999999403953552,
          0.6997561454772949,
          0.6870136260986328,
          0.6248433589935303
        ],
        [
          0.6997561454772949,
          1.0000001192092896,
          0.7737597227096558,
          0.7570692300796509
        ],
        [
          0.6870136260986328,
          0.7737597227096558,
          1.0,
          0.6333654522895813
        ],
        [
          0.6248433589935303,
          0.7570692300796509,
          0.6333654522895813,
          1.0000003576278687
        ]
      ],
      "concepts": [
        "code",
        "general",
        "if",
        "math"
      ]
    },
    "25": {
      "matrix": [
        [
          1.0000001192092896,
          0.6848056316375732,
          0.662253737449646,
          0.5933511853218079
        ],
        [
          0.6848056316375732,
          1.0,
          0.7612764835357666,
          0.7344728708267212
        ],
        [
          0.662253737449646,
          0.7612764835357666,
          0.9999999403953552,
          0.6002734303474426
        ],
        [
          0.5933511853218079,
          0.7344728708267212,
          0.6002734303474426,
          1.000000238418579
        ]
      ],
      "concepts": [
        "code",
        "general",
        "if",
        "math"
      ]
    },
    "28": {
      "matrix": [
        [
          1.0000001192092896,
          0.6826720833778381,
          0.6604611873626709,
          0.5822353959083557
        ],
        [
          0.6826720833778381,
          1.0000001192092896,
          0.7598661780357361,
          0.726489245891571
        ],
        [
          0.6604611873626709,
          0.7598661780357361,
          1.0,
          0.5947861671447754
        ],
        [
          0.5822353959083557,
          0.726489245891571,
          0.5947861671447754,
          1.0
        ]
      ],
      "concepts": [
        "code",
        "general",
        "if",
        "math"
      ]
    },
    "31": {
      "matrix": [
        [
          1.0000001192092896,
          0.8380558490753174,
          0.8333421349525452,
          0.7905311584472656
        ],
        [
          0.8380558490753174,
          1.0000001192092896,
          0.8837522864341736,
          0.8376297950744629
        ],
        [
          0.8333421349525452,
          0.8837522864341736,
          1.0,
          0.7921820282936096
        ],
        [
          0.7905311584472656,
          0.8376297950744629,
          0.7921820282936096,
          1.000000238418579
        ]
      ],
      "concepts": [
        "code",
        "general",
        "if",
        "math"
      ]
    }
  },
  "olmo3-rl-zero-code": {
    "3": {
      "matrix": [
        [
          1.0000001192092896,
          0.931756317615509,
          0.9522340297698975,
          0.9286316633224487
        ],
        [
          0.931756317615509,
          1.0000001192092896,
          0.9441512823104858,
          0.9140886068344116
        ],
        [
          0.9522340297698975,
          0.9441512823104858,
          1.000000238418579,
          0.9100314378738403
        ],
        [
          0.9286316633224487,
          0.9140886068344116,
          0.9100314378738403,
          1.0000001192092896
        ]
      ],
      "concepts": [
        "code",
        "general",
        "if",
        "math"
      ]
    },
    "6": {
      "matrix": [
        [
          1.0,
          0.9042898416519165,
          0.9166784882545471,
          0.8893922567367554
        ],
        [
          0.9042898416519165,
          0.9999998807907104,
          0.9219793677330017,
          0.8963200449943542
        ],
        [
          0.9166784882545471,
          0.9219793677330017,
          1.000000238418579,
          0.8695276975631714
        ],
        [
          0.8893922567367554,
          0.8963200449943542,
          0.8695276975631714,
          0.9999998807907104
        ]
      ],
      "concepts": [
        "code",
        "general",
        "if",
        "math"
      ]
    },
    "9": {
      "matrix": [
        [
          0.9999999403953552,
          0.8811228275299072,
          0.8735564351081848,
          0.8672949075698853
        ],
        [
          0.8811228275299072,
          0.9999998807907104,
          0.8832690119743347,
          0.8849798440933228
        ],
        [
          0.8735564351081848,
          0.8832690119743347,
          1.000000238418579,
          0.8192570209503174
        ],
        [
          0.8672949075698853,
          0.8849798440933228,
          0.8192570209503174,
          1.000000238418579
        ]
      ],
      "concepts": [
        "code",
        "general",
        "if",
        "math"
      ]
    },
    "12": {
      "matrix": [
        [
          1.0,
          0.850882887840271,
          0.8188483119010925,
          0.8254032135009766
        ],
        [
          0.850882887840271,
          1.0000001192092896,
          0.8468996286392212,
          0.8594915270805359
        ],
        [
          0.8188483119010925,
          0.8468996286392212,
          1.000000238418579,
          0.7723721265792847
        ],
        [
          0.8254032135009766,
          0.8594915270805359,
          0.7723721265792847,
          1.0000001192092896
        ]
      ],
      "concepts": [
        "code",
        "general",
        "if",
        "math"
      ]
    },
    "16": {
      "matrix": [
        [
          0.9999999403953552,
          0.7687974572181702,
          0.7635043859481812,
          0.7355758547782898
        ],
        [
          0.7687974572181702,
          0.9999998211860657,
          0.8099232912063599,
          0.8070139288902283
        ],
        [
          0.7635043859481812,
          0.8099232912063599,
          0.9999998211860657,
          0.6999432444572449
        ],
        [
          0.7355758547782898,
          0.8070139288902283,
          0.6999432444572449,
          1.0
        ]
      ],
      "concepts": [
        "code",
        "general",
        "if",
        "math"
      ]
    },
    "19": {
      "matrix": [
        [
          1.000000238418579,
          0.7529433369636536,
          0.7403901219367981,
          0.7058221101760864
        ],
        [
          0.7529433369636536,
          0.9999998807907104,
          0.7963411211967468,
          0.7842615842819214
        ],
        [
          0.7403901219367981,
          0.7963411211967468,
          1.0000001192092896,
          0.6667956709861755
        ],
        [
          0.7058221101760864,
          0.7842615842819214,
          0.6667956709861755,
          1.000000238418579
        ]
      ],
      "concepts": [
        "code",
        "general",
        "if",
        "math"
      ]
    },
    "22": {
      "matrix": [
        [
          1.0,
          0.6902007460594177,
          0.6922890543937683,
          0.619724690914154
        ],
        [
          0.6902007460594177,
          1.0,
          0.774705708026886,
          0.7569631338119507
        ],
        [
          0.6922890543937683,
          0.774705708026886,
          1.000000238418579,
          0.6323895454406738
        ],
        [
          0.619724690914154,
          0.7569631338119507,
          0.6323895454406738,
          1.000000238418579
        ]
      ],
      "concepts": [
        "code",
        "general",
        "if",
        "math"
      ]
    },
    "25": {
      "matrix": [
        [
          1.0000001192092896,
          0.675936758518219,
          0.6691768169403076,
          0.5882232189178467
        ],
        [
          0.675936758518219,
          0.9999999403953552,
          0.7615683674812317,
          0.7353308796882629
        ],
        [
          0.6691768169403076,
          0.7615683674812317,
          1.000000238418579,
          0.5960283279418945
        ],
        [
          0.5882232189178467,
          0.7353308796882629,
          0.5960283279418945,
          1.000000238418579
        ]
      ],
      "concepts": [
        "code",
        "general",
        "if",
        "math"
      ]
    },
    "28": {
      "matrix": [
        [
          1.000000238418579,
          0.6707901954650879,
          0.6638926863670349,
          0.5754774212837219
        ],
        [
          0.6707901954650879,
          0.9999997615814209,
          0.7577173709869385,
          0.7281354665756226
        ],
        [
          0.6638926863670349,
          0.7577173709869385,
          1.000000238418579,
          0.5904574394226074
        ],
        [
          0.5754774212837219,
          0.7281354665756226,
          0.5904574394226074,
          1.0
        ]
      ],
      "concepts": [
        "code",
        "general",
        "if",
        "math"
      ]
    },
    "31": {
      "matrix": [
        [
          1.0000001192092896,
          0.8306744694709778,
          0.832645058631897,
          0.7902060747146606
        ],
        [
          0.8306744694709778,
          0.9999999403953552,
          0.8825689554214478,
          0.8411091566085815
        ],
        [
          0.832645058631897,
          0.8825689554214478,
          1.000000238418579,
          0.7936578392982483
        ],
        [
          0.7902060747146606,
          0.8411091566085815,
          0.7936578392982483,
          1.0000001192092896
        ]
      ],
      "concepts": [
        "code",
        "general",
        "if",
        "math"
      ]
    }
  },
  "olmo3-rl-zero-if": {
    "3": {
      "matrix": [
        [
          1.0000001192092896,
          0.9305288791656494,
          0.9506504535675049,
          0.9262300729751587
        ],
        [
          0.9305288791656494,
          1.0,
          0.9419870972633362,
          0.9124596118927002
        ],
        [
          0.9506504535675049,
          0.9419870972633362,
          1.000000238418579,
          0.9072203636169434
        ],
        [
          0.9262300729751587,
          0.9124596118927002,
          0.9072203636169434,
          1.0
        ]
      ],
      "concepts": [
        "code",
        "general",
        "if",
        "math"
      ]
    },
    "6": {
      "matrix": [
        [
          1.0,
          0.9067263603210449,
          0.9148880243301392,
          0.8916917443275452
        ],
        [
          0.9067263603210449,
          1.0000001192092896,
          0.9092488288879395,
          0.8972649574279785
        ],
        [
          0.9148880243301392,
          0.9092488288879395,
          0.9999999403953552,
          0.8621329069137573
        ],
        [
          0.8916917443275452,
          0.8972649574279785,
          0.8621329069137573,
          1.0
        ]
      ],
      "concepts": [
        "code",
        "general",
        "if",
        "math"
      ]
    },
    "9": {
      "matrix": [
        [
          1.0,
          0.8850256204605103,
          0.862258791923523,
          0.8665439486503601
        ],
        [
          0.8850256204605103,
          1.0,
          0.8556067943572998,
          0.8845154643058777
        ],
        [
          0.862258791923523,
          0.8556067943572998,
          0.9999997615814209,
          0.7995213270187378
        ],
        [
          0.8665439486503601,
          0.8845154643058777,
          0.7995213270187378,
          1.0
        ]
      ],
      "concepts": [
        "code",
        "general",
        "if",
        "math"
      ]
    },
    "12": {
      "matrix": [
        [
          1.0000001192092896,
          0.8599889278411865,
          0.8107990026473999,
          0.8309134840965271
        ],
        [
          0.8599889278411865,
          1.0000003576278687,
          0.8201390504837036,
          0.8599078059196472
        ],
        [
          0.8107990026473999,
          0.8201390504837036,
          1.0000001192092896,
          0.7521331310272217
        ],
        [
          0.8309134840965271,
          0.8599078059196472,
          0.7521331310272217,
          1.0000001192092896
        ]
      ],
      "concepts": [
        "code",
        "general",
        "if",
        "math"
      ]
    },
    "16": {
      "matrix": [
        [
          1.0,
          0.7772713899612427,
          0.7569561004638672,
          0.7393762469291687
        ],
        [
          0.7772713899612427,
          1.0,
          0.7808039784431458,
          0.80546635389328
        ],
        [
          0.7569561004638672,
          0.7808039784431458,
          1.0000001192092896,
          0.6793957948684692
        ],
        [
          0.7393762469291687,
          0.80546635389328,
          0.6793957948684692,
          1.0000001192092896
        ]
      ],
      "concepts": [
        "code",
        "general",
        "if",
        "math"
      ]
    },
    "19": {
      "matrix": [
        [
          1.0000001192092896,
          0.7604954838752747,
          0.7549861073493958,
          0.7036669850349426
        ],
        [
          0.7604954838752747,
          0.9999998807907104,
          0.7821747660636902,
          0.7780842185020447
        ],
        [
          0.7549861073493958,
          0.7821747660636902,
          1.0,
          0.6575018167495728
        ],
        [
          0.7036669850349426,
          0.7780842185020447,
          0.6575018167495728,
          0.9999996423721313
        ]
      ],
      "concepts": [
        "code",
        "general",
        "if",
        "math"
      ]
    },
    "22": {
      "matrix": [
        [
          1.0000001192092896,
          0.6998666524887085,
          0.7017450332641602,
          0.6179497241973877
        ],
        [
          0.6998666524887085,
          1.0000003576278687,
          0.7577849626541138,
          0.7477368116378784
        ],
        [
          0.7017450332641602,
          0.7577849626541138,
          1.0000001192092896,
          0.6190705299377441
        ],
        [
          0.6179497241973877,
          0.7477368116378784,
          0.6190705299377441,
          1.000000238418579
        ]
      ],
      "concepts": [
        "code",
        "general",
        "if",
        "math"
      ]
    },
    "25": {
      "matrix": [
        [
          1.000000238418579,
          0.6862549781799316,
          0.6798825263977051,
          0.5847163796424866
        ],
        [
          0.6862549781799316,
          0.9999999403953552,
          0.7512689828872681,
          0.7252877354621887
        ],
        [
          0.6798825263977051,
          0.7512689828872681,
          1.0000001192092896,
          0.5866790413856506
        ],
        [
          0.5847163796424866,
          0.7252877354621887,
          0.5866790413856506,
          0.9999998807907104
        ]
      ],
      "concepts": [
        "code",
        "general",
        "if",
        "math"
      ]
    },
    "28": {
      "matrix": [
        [
          1.000000238418579,
          0.6832622289657593,
          0.6740700006484985,
          0.5738629698753357
        ],
        [
          0.6832622289657593,
          1.000000238418579,
          0.7449488639831543,
          0.7191037535667419
        ],
        [
          0.6740700006484985,
          0.7449488639831543,
          1.000000238418579,
          0.5783020853996277
        ],
        [
          0.5738629698753357,
          0.7191037535667419,
          0.5783020853996277,
          1.0000001192092896
        ]
      ],
      "concepts": [
        "code",
        "general",
        "if",
        "math"
      ]
    },
    "31": {
      "matrix": [
        [
          1.0,
          0.8441977500915527,
          0.8467445373535156,
          0.7953401803970337
        ],
        [
          0.8441977500915527,
          1.0000001192092896,
          0.8674683570861816,
          0.8408403992652893
        ],
        [
          0.8467445373535156,
          0.8674683570861816,
          1.0000003576278687,
          0.7999683618545532
        ],
        [
          0.7953401803970337,
          0.8408403992652893,
          0.7999683618545532,
          1.0000001192092896
        ]
      ],
      "concepts": [
        "code",
        "general",
        "if",
        "math"
      ]
    }
  },
  "olmo3-rl-zero-general": {
    "3": {
      "matrix": [
        [
          1.0,
          0.9303870797157288,
          0.9515729546546936,
          0.926651656627655
        ],
        [
          0.9303870797157288,
          1.0000001192092896,
          0.9432246685028076,
          0.9133027195930481
        ],
        [
          0.9515729546546936,
          0.9432246685028076,
          0.9999999403953552,
          0.9086312055587769
        ],
        [
          0.926651656627655,
          0.9133027195930481,
          0.9086312055587769,
          0.9999998807907104
        ]
      ],
      "concepts": [
        "code",
        "general",
        "if",
        "math"
      ]
    },
    "6": {
      "matrix": [
        [
          1.0000001192092896,
          0.907935619354248,
          0.9201525449752808,
          0.8902649879455566
        ],
        [
          0.907935619354248,
          0.9999999403953552,
          0.9223528504371643,
          0.8968765139579773
        ],
        [
          0.9201525449752808,
          0.9223528504371643,
          1.0000001192092896,
          0.8696162104606628
        ],
        [
          0.8902649879455566,
          0.8968765139579773,
          0.8696162104606628,
          1.000000238418579
        ]
      ],
      "concepts": [
        "code",
        "general",
        "if",
        "math"
      ]
    },
    "9": {
      "matrix": [
        [
          1.000000238418579,
          0.8854502439498901,
          0.876923680305481,
          0.8660606741905212
        ],
        [
          0.8854502439498901,
          0.9999999403953552,
          0.885012149810791,
          0.884562075138092
        ],
        [
          0.876923680305481,
          0.885012149810791,
          1.0000001192092896,
          0.8195111751556396
        ],
        [
          0.8660606741905212,
          0.884562075138092,
          0.8195111751556396,
          1.0000001192092896
        ]
      ],
      "concepts": [
        "code",
        "general",
        "if",
        "math"
      ]
    },
    "12": {
      "matrix": [
        [
          0.9999999403953552,
          0.8573766350746155,
          0.8223670721054077,
          0.8262462615966797
        ],
        [
          0.8573766350746155,
          1.0000001192092896,
          0.8448247909545898,
          0.8583189845085144
        ],
        [
          0.8223670721054077,
          0.8448247909545898,
          0.9999998211860657,
          0.7692002654075623
        ],
        [
          0.8262462615966797,
          0.8583189845085144,
          0.7692002654075623,
          1.000000238418579
        ]
      ],
      "concepts": [
        "code",
        "general",
        "if",
        "math"
      ]
    },
    "16": {
      "matrix": [
        [
          1.0,
          0.7788482904434204,
          0.7722610831260681,
          0.7387449741363525
        ],
        [
          0.7788482904434204,
          1.0000001192092896,
          0.8084748983383179,
          0.8061422109603882
        ],
        [
          0.7722610831260681,
          0.8084748983383179,
          0.9999999403953552,
          0.6998503804206848
        ],
        [
          0.7387449741363525,
          0.8061422109603882,
          0.6998503804206848,
          0.9999999403953552
        ]
      ],
      "concepts": [
        "code",
        "general",
        "if",
        "math"
      ]
    },
    "19": {
      "matrix": [
        [
          1.0000001192092896,
          0.7623933553695679,
          0.7546689510345459,
          0.7066342234611511
        ],
        [
          0.7623933553695679,
          1.0000003576278687,
          0.7991299033164978,
          0.7830949425697327
        ],
        [
          0.7546689510345459,
          0.7991299033164978,
          1.0,
          0.6717560291290283
        ],
        [
          0.7066342234611511,
          0.7830949425697327,
          0.6717560291290283,
          1.0
        ]
      ],
      "concepts": [
        "code",
        "general",
        "if",
        "math"
      ]
    },
    "22": {
      "matrix": [
        [
          1.0,
          0.6997886896133423,
          0.7050865888595581,
          0.6207721829414368
        ],
        [
          0.6997886896133423,
          1.0,
          0.7782638669013977,
          0.7551006078720093
        ],
        [
          0.7050865888595581,
          0.7782638669013977,
          0.9999997615814209,
          0.6374335885047913
        ],
        [
          0.6207721829414368,
          0.7551006078720093,
          0.6374335885047913,
          1.000000238418579
        ]
      ],
      "concepts": [
        "code",
        "general",
        "if",
        "math"
      ]
    },
    "25": {
      "matrix": [
        [
          1.0,
          0.6855934858322144,
          0.682583749294281,
          0.5890006422996521
        ],
        [
          0.6855934858322144,
          1.0,
          0.7646222114562988,
          0.7331324815750122
        ],
        [
          0.682583749294281,
          0.7646222114562988,
          1.0,
          0.6015248894691467
        ],
        [
          0.5890006422996521,
          0.7331324815750122,
          0.6015248894691467,
          1.000000238418579
        ]
      ],
      "concepts": [
        "code",
        "general",
        "if",
        "math"
      ]
    },
    "28": {
      "matrix": [
        [
          1.000000238418579,
          0.6835112571716309,
          0.6786266565322876,
          0.5790292024612427
        ],
        [
          0.6835112571716309,
          1.0000001192092896,
          0.7596207857131958,
          0.7261122465133667
        ],
        [
          0.6786266565322876,
          0.7596207857131958,
          1.0,
