{
  "models_done": [
    "olmo3-think-sft",
    "olmo3-rl-zero-math",
    "olmo3-rl-zero-code",
    "olmo3-rl-zero-if",
    "olmo3-rl-zero-general",
    "olmo3-rl-zero-mix"
  ],
  "extraction": {
    "olmo3-think-sft": {
      "model": "olmo3-think-sft",
      "concepts": [
        "math",
        "code",
        "if",
        "general"
      ],
      "layers": [
        3,
        6,
        9,
        12,
        16,
        19,
        22,
        25,
        28,
        31
      ],
      "n_samples": 50,
      "elapsed_seconds": 33.2
    },
    "olmo3-rl-zero-math": {
      "model": "olmo3-rl-zero-math",
      "concepts": [
        "math",
        "code",
        "if",
        "general"
      ],
      "layers": [
        3,
        6,
        9,
        12,
        16,
        19,
        22,
        25,
        28,
        31
      ],
      "n_samples": 50,
      "elapsed_seconds": 223.2
    },
    "olmo3-rl-zero-code": {
      "model": "olmo3-rl-zero-code",
      "concepts": [
        "math",
        "code",
        "if",
        "general"
      ],
      "layers": [
        3,
        6,
        9,
        12,
        16,
        19,
        22,
        25,
        28,
        31
      ],
      "n_samples": 50,
      "elapsed_seconds": 215.7
    },
    "olmo3-rl-zero-if": {
      "model": "olmo3-rl-zero-if",
      "concepts": [
        "math",
        "code",
        "if",
        "general"
      ],
      "layers": [
        3,
        6,
        9,
        12,
        16,
        19,
        22,
        25,
        28,
        31
      ],
      "n_samples": 50,
      "elapsed_seconds": 216.2
    },
    "olmo3-rl-zero-general": {
      "model": "olmo3-rl-zero-general",
      "concepts": [
        "math",
        "code",
        "if",
        "general"
      ],
      "layers": [
        3,
        6,
        9,
        12,
        16,
        19,
        22,
        25,
        28,
        31
      ],
      "n_samples": 50,
      "elapsed_seconds": 215.8
    },
    "olmo3-rl-zero-mix": {
      "model": "olmo3-rl-zero-mix",
      "concepts": [
        "math",
        "code",
        "if",
        "general"
      ],
      "layers": [
        3,
        6,
        9,
        12,
        16,
        19,
        22,
        25,
        28,
        31
      ],
      "n_samples": 50,
      "elapsed_seconds": 25.8
    }
  },
  "dynamics": {
    "stability": {
      "math": {
        "3": {
          "matrix": [
            [
              1.000000238418579,
              0.999605655670166,
              0.9994238018989563,
              0.99958336353302,
              0.9996092915534973,
              0.8549774289131165
            ],
            [
              0.999605655670166,
              0.9999998807907104,
              0.9994765520095825,
              0.9998806715011597,
              0.9998061656951904,
              0.8583340644836426
            ],
            [
              0.9994238018989563,
              0.9994765520095825,
              1.0,
              0.9993312358856201,
              0.9996476769447327,
              0.8575555086135864
            ],
            [
              0.99958336353302,
              0.9998806715011597,
              0.9993312358856201,
              0.9999999403953552,
              0.999755859375,
              0.8582661747932434
            ],
            [
              0.9996092915534973,
              0.9998061656951904,
              0.9996476769447327,
              0.999755859375,
              0.9999999403953552,
              0.8588860630989075
            ],
            [
              0.8549774289131165,
              0.8583340644836426,
              0.8575555086135864,
              0.8582661747932434,
              0.8588860630989075,
              1.0000003576278687
            ]
          ],
          "models": [
            "olmo3-rl-zero-code",
            "olmo3-rl-zero-general",
            "olmo3-rl-zero-if",
            "olmo3-rl-zero-math",
            "olmo3-rl-zero-mix",
            "olmo3-think-sft"
          ]
        },
        "6": {
          "matrix": [
            [
              0.9999999403953552,
              0.9993373155593872,
              0.9986552596092224,
              0.9991215467453003,
              0.9991118311882019,
              0.8002802729606628
            ],
            [
              0.9993373155593872,
              1.0000001192092896,
              0.9988200664520264,
              0.999606192111969,
              0.9992408752441406,
              0.8036456108093262
            ],
            [
              0.9986552596092224,
              0.9988200664520264,
              1.0,
              0.9982883334159851,
              0.99924236536026,
              0.8034883141517639
            ],
            [
              0.9991215467453003,
              0.999606192111969,
              0.9982883334159851,
              0.9999999403953552,
              0.9989567399024963,
              0.8033888339996338
            ],
            [
              0.9991118311882019,
              0.9992408752441406,
              0.99924236536026,
              0.9989567399024963,
              1.0,
              0.8057557940483093
            ],
            [
              0.8002802729606628,
              0.8036456108093262,
              0.8034883141517639,
              0.8033888339996338,
              0.8057557940483093,
              0.9999998211860657
            ]
          ],
          "models": [
            "olmo3-rl-zero-code",
            "olmo3-rl-zero-general",
            "olmo3-rl-zero-if",
            "olmo3-rl-zero-math",
            "olmo3-rl-zero-mix",
            "olmo3-think-sft"
          ]
        },
        "9": {
          "matrix": [
            [
              1.0000001192092896,
              0.9992070198059082,
              0.997955322265625,
              0.9989418983459473,
              0.998779833316803,
              0.7788897752761841
            ],
            [
              0.9992070198059082,
              1.0,
              0.9981831312179565,
              0.9994170069694519,
              0.9988920092582703,
              0.7815171480178833
            ],
            [
              0.997955322265625,
              0.9981831312179565,
              0.9999998807907104,
              0.9973940253257751,
              0.9990022778511047,
              0.7851274609565735
            ],
            [
              0.9989418983459473,
              0.9994170069694519,
              0.9973940253257751,
              1.0,
              0.9985185265541077,
              0.7822359800338745
            ],
            [
              0.998779833316803,
              0.9988920092582703,
              0.9990022778511047,
              0.9985185265541077,
              0.9999998211860657,
              0.7864691019058228
            ],
            [
              0.7788897752761841,
              0.7815171480178833,
              0.7851274609565735,
              0.7822359800338745,
              0.7864691019058228,
              0.9999998807907104
            ]
          ],
          "models": [
            "olmo3-rl-zero-code",
            "olmo3-rl-zero-general",
            "olmo3-rl-zero-if",
            "olmo3-rl-zero-math",
            "olmo3-rl-zero-mix",
            "olmo3-think-sft"
          ]
        },
        "12": {
          "matrix": [
            [
              0.9999998807907104,
              0.9991030097007751,
              0.9978586435317993,
              0.9988659620285034,
              0.9987607002258301,
              0.7816462516784668
            ],
            [
              0.9991030097007751,
              1.000000238418579,
              0.9980952143669128,
              0.9993156790733337,
              0.998904287815094,
              0.7828960418701172
            ],
            [
              0.9978586435317993,
              0.9980952143669128,
              1.000000238418579,
              0.997267484664917,
              0.9988842010498047,
              0.7852094173431396
            ],
            [
              0.9988659620285034,
              0.9993156790733337,
              0.997267484664917,
              1.0000001192092896,
              0.9984883069992065,
              0.7837342619895935
            ],
            [
              0.9987607002258301,
              0.998904287815094,
              0.9988842010498047,
              0.9984883069992065,
              1.000000238418579,
              0.7880136966705322
            ],
            [
              0.7816462516784668,
              0.7828960418701172,
              0.7852094173431396,
              0.7837342619895935,
              0.7880136966705322,
              1.000000238418579
            ]
          ],
          "models": [
            "olmo3-rl-zero-code",
            "olmo3-rl-zero-general",
            "olmo3-rl-zero-if",
            "olmo3-rl-zero-math",
            "olmo3-rl-zero-mix",
            "olmo3-think-sft"
          ]
        },
        "16": {
          "matrix": [
            [
              1.0000001192092896,
              0.9990806579589844,
              0.9974923729896545,
              0.9988096952438354,
              0.9985706210136414,
              0.8010948300361633
            ],
            [
              0.9990806579589844,
              0.9999999403953552,
              0.997749924659729,
              0.998988151550293,
              0.9986984729766846,
              0.8010625243186951
            ],
            [
              0.9974923729896545,
              0.997749924659729,
              1.0000001192092896,
              0.9966232776641846,
              0.9986507892608643,
              0.7991302609443665
            ],
            [
              0.9988096952438354,
              0.998988151550293,
              0.9966232776641846,
              1.0000001192092896,
              0.9982678890228271,
              0.8029919862747192
            ],
            [
              0.9985706210136414,
              0.9986984729766846,
              0.9986507892608643,
              0.9982678890228271,
              1.0,
              0.8030275106430054
            ],
            [
              0.8010948300361633,
              0.8010625243186951,
              0.7991302609443665,
              0.8029919862747192,
              0.8030275106430054,
              1.0000001192092896
            ]
          ],
          "models": [
            "olmo3-rl-zero-code",
            "olmo3-rl-zero-general",
            "olmo3-rl-zero-if",
            "olmo3-rl-zero-math",
            "olmo3-rl-zero-mix",
            "olmo3-think-sft"
          ]
        },
        "19": {
          "matrix": [
            [
              1.0000001192092896,
              0.9991907477378845,
              0.997930109500885,
              0.9989585280418396,
              0.9988402724266052,
              0.8192782402038574
            ],
            [
              0.9991907477378845,
              0.9999999403953552,
              0.9979600310325623,
              0.9989590048789978,
              0.9987703561782837,
              0.8188302516937256
            ],
            [
              0.997930109500885,
              0.9979600310325623,
              0.9999997019767761,
              0.9969444274902344,
              0.998720109462738,
              0.8158540725708008
            ],
            [
              0.9989585280418396,
              0.9989590048789978,
              0.9969444274902344,
              0.9999998211860657,
              0.9984898567199707,
              0.8221242427825928
            ],
            [
              0.9988402724266052,
              0.9987703561782837,
              0.998720109462738,
              0.9984898567199707,
              0.9999999403953552,
              0.8203293681144714
            ],
            [
              0.8192782402038574,
              0.8188302516937256,
              0.8158540725708008,
              0.8221242427825928,
              0.8203293681144714,
              0.9999998807907104
            ]
          ],
          "models": [
            "olmo3-rl-zero-code",
            "olmo3-rl-zero-general",
            "olmo3-rl-zero-if",
            "olmo3-rl-zero-math",
            "olmo3-rl-zero-mix",
            "olmo3-think-sft"
          ]
        },
        "22": {
          "matrix": [
            [
              1.000000238418579,
              0.9990594983100891,
              0.9976693391799927,
              0.9986151456832886,
              0.9987048506736755,
              0.8017334938049316
            ],
            [
              0.9990594983100891,
              1.0000001192092896,
              0.9976504445075989,
              0.9986619353294373,
              0.9985524415969849,
              0.802067220211029
            ],
            [
              0.9976693391799927,
              0.9976504445075989,
              1.000000238418579,
              0.9963942170143127,
              0.998488187789917,
              0.7983577847480774
            ],
            [
              0.9986151456832886,
              0.9986619353294373,
              0.9963942170143127,
              1.000000238418579,
              0.9982277154922485,
              0.8040021061897278
            ],
            [
              0.9987048506736755,
              0.9985524415969849,
              0.998488187789917,
              0.9982277154922485,
              1.0000001192092896,
              0.8022544980049133
            ],
            [
              0.8017334938049316,
              0.802067220211029,
              0.7983577847480774,
              0.8040021061897278,
              0.8022544980049133,
              0.9999998807907104
            ]
          ],
          "models": [
            "olmo3-rl-zero-code",
            "olmo3-rl-zero-general",
            "olmo3-rl-zero-if",
            "olmo3-rl-zero-math",
            "olmo3-rl-zero-mix",
            "olmo3-think-sft"
          ]
        },
        "25": {
          "matrix": [
            [
              1.000000238418579,
              0.9988552331924438,
              0.997073769569397,
              0.9981565475463867,
              0.99837327003479,
              0.767844557762146
            ],
            [
              0.9988552331924438,
              1.000000238418579,
              0.9971673488616943,
              0.9981982111930847,
              0.9981938004493713,
              0.7683518528938293
            ],
            [
              0.997073769569397,
              0.9971673488616943,
              0.9999997019767761,
              0.9955883026123047,
              0.9982280135154724,
              0.7648981213569641
            ],
            [
              0.9981565475463867,
              0.9981982111930847,
              0.9955883026123047,
              1.0000001192092896,
              0.9976567625999451,
              0.7698091268539429
            ],
            [
              0.99837327003479,
              0.9981938004493713,
              0.9982280135154724,
              0.9976567625999451,
              1.0,
              0.7687490582466125
            ],
            [
              0.767844557762146,
              0.7683518528938293,
              0.7648981213569641,
              0.7698091268539429,
              0.7687490582466125,
              1.0
            ]
          ],
          "models": [
            "olmo3-rl-zero-code",
            "olmo3-rl-zero-general",
            "olmo3-rl-zero-if",
            "olmo3-rl-zero-math",
            "olmo3-rl-zero-mix",
            "olmo3-think-sft"
          ]
        },
        "28": {
          "matrix": [
            [
              1.0000001192092896,
              0.9985747337341309,
              0.9965384602546692,
              0.9975247383117676,
              0.9980519413948059,
              0.7362191081047058
            ],
            [
              0.9985747337341309,
              0.9999998211860657,
              0.9968714118003845,
              0.9976032972335815,
              0.997969925403595,
              0.7379498481750488
            ],
            [
              0.9965384602546692,
              0.9968714118003845,
              1.000000238418579,
              0.9947237968444824,
              0.9979551434516907,
              0.7345008254051208
            ],
            [
              0.9975247383117676,
              0.9976032972335815,
              0.9947237968444824,
              1.0,
              0.9970760345458984,
              0.7383456826210022
            ],
            [
              0.9980519413948059,
              0.997969925403595,
              0.9979551434516907,
              0.9970760345458984,
              1.0000001192092896,
              0.7375929355621338
            ],
            [
              0.7362191081047058,
              0.7379498481750488,
              0.7345008254051208,
              0.7383456826210022,
              0.7375929355621338,
              0.9999998807907104
            ]
          ],
          "models": [
            "olmo3-rl-zero-code",
            "olmo3-rl-zero-general",
            "olmo3-rl-zero-if",
            "olmo3-rl-zero-math",
            "olmo3-rl-zero-mix",
            "olmo3-think-sft"
          ]
        },
        "31": {
          "matrix": [
            [
              1.0,
              0.9984946250915527,
              0.9970080852508545,
              0.9980498552322388,
              0.99849534034729,
              0.7418597936630249
            ],
            [
              0.9984946250915527,
              0.9999998807907104,
              0.9977476596832275,
              0.9971163868904114,
              0.9984101057052612,
              0.7444894313812256
            ],
            [
              0.9970080852508545,
              0.9977476596832275,
              0.9999998807907104,
              0.9955519437789917,
              0.9985426068305969,
              0.7429586052894592
            ],
            [
              0.9980498552322388,
              0.9971163868904114,
              0.9955519437789917,
              1.000000238418579,
              0.9977743029594421,
              0.7390731573104858
            ],
            [
              0.99849534034729,
              0.9984101057052612,
              0.9985426068305969,
              0.9977743029594421,
              1.0000001192092896,
              0.7426550984382629
            ],
            [
              0.7418597936630249,
              0.7444894313812256,
              0.7429586052894592,
              0.7390731573104858,
              0.7426550984382629,
              1.0
            ]
          ],
          "models": [
            "olmo3-rl-zero-code",
            "olmo3-rl-zero-general",
            "olmo3-rl-zero-if",
            "olmo3-rl-zero-math",
            "olmo3-rl-zero-mix",
            "olmo3-think-sft"
          ]
        }
      },
      "code": {
        "3": {
          "matrix": [
            [
              1.0000001192092896,
              0.9995161294937134,
              0.9993467926979065,
              0.9995056390762329,
              0.9995119571685791,
              0.8599355220794678
            ],
            [
              0.9995161294937134,
              1.0,
              0.9994514584541321,
              0.999897301197052,
              0.9997634887695312,
              0.8632104992866516
            ],
            [
              0.9993467926979065,
              0.9994514584541321,
              1.000000238418579,
              0.999326229095459,
              0.9995957016944885,
              0.8619155883789062
            ],
            [
              0.9995056390762329,
              0.999897301197052,
              0.999326229095459,
              1.0,
              0.9997342824935913,
              0.8628790974617004
            ],
            [
              0.9995119571685791,
              0.9997634887695312,
              0.9995957016944885,
              0.9997342824935913,
              1.0000003576278687,
              0.863149881362915
            ],
            [
              0.8599355220794678,
              0.8632104992866516,
              0.8619155883789062,
              0.8628790974617004,
              0.863149881362915,
              1.0
            ]
          ],
          "models": [
            "olmo3-rl-zero-code",
            "olmo3-rl-zero-general",
            "olmo3-rl-zero-if",
            "olmo3-rl-zero-math",
            "olmo3-rl-zero-mix",
            "olmo3-think-sft"
          ]
        },
        "6": {
          "matrix": [
            [
              1.0000001192092896,
              0.9987064599990845,
              0.9977131485939026,
              0.9985884428024292,
              0.9983016848564148,
              0.8039963841438293
            ],
            [
              0.9987064599990845,
              1.0000001192092896,
              0.9983698725700378,
              0.9997133612632751,
              0.9986409544944763,
              0.8081140518188477
            ],
            [
              0.9977131485939026,
              0.9983698725700378,
              1.0,
              0.9978384971618652,
              0.9990033507347107,
              0.8078138828277588
            ],
            [
              0.9985884428024292,
              0.9997133612632751,
              0.9978384971618652,
              1.0000001192092896,
              0.9983057379722595,
              0.8072372674942017
            ],
            [
              0.9983016848564148,
              0.9986409544944763,
              0.9990033507347107,
              0.9983057379722595,
              0.9999998807907104,
              0.809907853603363
            ],
            [
              0.8039963841438293,
              0.8081140518188477,
              0.8078138828277588,
              0.8072372674942017,
              0.809907853603363,
              1.0
            ]
          ],
          "models": [
            "olmo3-rl-zero-code",
            "olmo3-rl-zero-general",
            "olmo3-rl-zero-if",
            "olmo3-rl-zero-math",
            "olmo3-rl-zero-mix",
            "olmo3-think-sft"
          ]
        },
        "9": {
          "matrix": [
            [
              1.000000238418579,
              0.9981459975242615,
              0.9962204098701477,
              0.9981133341789246,
              0.9978076219558716,
              0.7723657488822937
            ],
            [
              0.9981459975242615,
              1.0000003576278687,
              0.997167706489563,
              0.9995124936103821,
              0.9978740811347961,
              0.77522212266922
            ],
            [
              0.9962204098701477,
              0.997167706489563,
              1.0000001192092896,
              0.9963788986206055,
              0.9984321594238281,
              0.7784408330917358
            ],
            [
              0.9981133341789246,
              0.9995124936103821,
              0.9963788986206055,
              0.9999997615814209,
              0.9976493716239929,
              0.7746016383171082
            ],
            [
              0.9978076219558716,
              0.9978740811347961,
              0.9984321594238281,
              0.9976493716239929,
              1.0000001192092896,
              0.7811574339866638
            ],
            [
              0.7723657488822937,
              0.77522212266922,
              0.7784408330917358,
              0.7746016383171082,
              0.7811574339866638,
              0.9999998807907104
            ]
          ],
          "models": [
            "olmo3-rl-zero-code",
            "olmo3-rl-zero-general",
            "olmo3-rl-zero-if",
            "olmo3-rl-zero-math",
            "olmo3-rl-zero-mix",
            "olmo3-think-sft"
          ]
        },
        "12": {
          "matrix": [
            [
              1.0,
              0.9975414872169495,
              0.995411217212677,
              0.9976317286491394,
              0.9976250529289246,
              0.7673798203468323
            ],
            [
              0.9975414872169495,
              0.9999999403953552,
              0.9968128204345703,
              0.9993188381195068,
              0.9978869557380676,
              0.7706895470619202
            ],
            [
              0.995411217212677,
              0.9968128204345703,
              1.0000001192092896,
              0.9959167242050171,
              0.9981081485748291,
              0.7747335433959961
            ],
            [
              0.9976317286491394,
              0.9993188381195068,
              0.9959167242050171,
              1.0000001192092896,
              0.9975215196609497,
              0.7687115669250488
            ],
            [
              0.9976250529289246,
              0.9978869557380676,
              0.9981081485748291,
              0.9975215196609497,
              1.0000001192092896,
              0.7760090231895447
            ],
            [
              0.7673798203468323,
              0.7706895470619202,
              0.7747335433959961,
              0.7687115669250488,
              0.7760090231895447,
              0.9999999403953552
            ]
          ],
          "models": [
            "olmo3-rl-zero-code",
            "olmo3-rl-zero-general",
            "olmo3-rl-zero-if",
            "olmo3-rl-zero-math",
            "olmo3-rl-zero-mix",
            "olmo3-think-sft"
          ]
        },
        "16": {
          "matrix": [
            [
              0.9999998211860657,
              0.997057318687439,
              0.995043933391571,
              0.9968843460083008,
              0.9975759387016296,
              0.7610170841217041
            ],
            [
              0.997057318687439,
              1.0,
              0.9969307780265808,
              0.9989899396896362,
              0.997870922088623,
              0.7664598226547241
            ],
            [
              0.995043933391571,
              0.9969307780265808,
              1.0,
              0.9960731267929077,
              0.9979507923126221,
              0.7612942457199097
            ],
            [
              0.9968843460083008,
              0.9989899396896362,
              0.9960731267929077,
              0.9999997019767761,
              0.9974456429481506,
              0.7657299637794495
            ],
            [
              0.9975759387016296,
              0.997870922088623,
              0.9979507923126221,
              0.9974456429481506,
              1.0,
              0.7657001614570618
            ],
            [
              0.7610170841217041,
              0.7664598226547241,
              0.7612942457199097,
              0.7657299637794495,
              0.7657001614570618,
              1.0000001192092896
            ]
          ],
          "models": [
            "olmo3-rl-zero-code",
            "olmo3-rl-zero-general",
            "olmo3-rl-zero-if",
            "olmo3-rl-zero-math",
            "olmo3-rl-zero-mix",
            "olmo3-think-sft"
          ]
        },
        "19": {
          "matrix": [
            [
              1.0000001192092896,
              0.9968271851539612,
              0.9945082664489746,
              0.9967786073684692,
              0.9978685975074768,
              0.7696259617805481
            ],
            [
              0.9968271851539612,
              1.0,
              0.9967871904373169,
              0.9990006685256958,
              0.9979396462440491,
              0.7745177149772644
            ],
            [
              0.9945082664489746,
              0.9967871904373169,
              0.9999999403953552,
              0.9964494109153748,
              0.9977514743804932,
              0.7681227326393127
            ],
            [
              0.9967786073684692,
              0.9990006685256958,
              0.9964494109153748,
              1.000000238418579,
              0.9978979825973511,
              0.775759220123291
            ],
            [
              0.9978685975074768,
              0.9979396462440491,
              0.9977514743804932,
              0.9978979825973511,
              1.0000001192092896,
              0.7725492119789124
            ],
            [
              0.7696259617805481,
              0.7745177149772644,
              0.7681227326393127,
              0.775759220123291,
              0.7725492119789124,
              1.0000001192092896
            ]
          ],
          "models": [
            "olmo3-rl-zero-code",
            "olmo3-rl-zero-general",
            "olmo3-rl-zero-if",
            "olmo3-rl-zero-math",
            "olmo3-rl-zero-mix",
            "olmo3-think-sft"
          ]
        },
        "22": {
          "matrix": [
            [
              1.0000001192092896,
              0.9960954189300537,
              0.9938036203384399,
              0.9963293075561523,
              0.9976015686988831,
              0.7306399941444397
            ],
            [
              0.9960954189300537,
              1.0,
              0.9961112141609192,
              0.9987676739692688,
              0.9972420930862427,
              0.7411482930183411
            ],
            [
              0.9938036203384399,
              0.9961112141609192,
              1.0,
              0.9959030747413635,
              0.9973422884941101,
              0.7350825071334839
            ],
            [
              0.9963293075561523,
              0.9987676739692688,
              0.9959030747413635,
              0.9999998807907104,
              0.9976396560668945,
              0.7407923340797424
            ],
            [
              0.9976015686988831,
              0.9972420930862427,
              0.9973422884941101,
              0.9976396560668945,
              1.0000001192092896,
              0.7349733114242554
            ],
            [
              0.7306399941444397,
              0.7411482930183411,
              0.7350825071334839,
              0.7407923340797424,
              0.7349733114242554,
              0.9999999403953552
            ]
          ],
          "models": [
            "olmo3-rl-zero-code",
            "olmo3-rl-zero-general",
            "olmo3-rl-zero-if",
            "olmo3-rl-zero-math",
            "olmo3-rl-zero-mix",
            "olmo3-think-sft"
          ]
        },
        "25": {
          "matrix": [
            [
              1.0,
              0.9954292178153992,
              0.99274742603302,
              0.995659589767456,
              0.9971244931221008,
              0.6831122636795044
            ],
            [
              0.9954292178153992,
              0.9999999403953552,
              0.9953636527061462,
              0.9984816908836365,
              0.9967089295387268,
              0.6928505301475525
            ],
            [
              0.99274742603302,
              0.9953636527061462,
              1.0000001192092896,
              0.9951366186141968,
              0.9967343211174011,
              0.688275933265686
            ],
            [
              0.995659589767456,
              0.9984816908836365,
              0.9951366186141968,
              1.0,
              0.9971655607223511,
              0.6937076449394226
            ],
            [
              0.9971244931221008,
              0.9967089295387268,
              0.9967343211174011,
              0.9971655607223511,
              0.9999998807907104,
              0.6888091564178467
            ],
            [
              0.6831122636795044,
              0.6928505301475525,
              0.688275933265686,
              0.6937076449394226,
              0.6888091564178467,
              0.9999998807907104
            ]
          ],
          "models": [
            "olmo3-rl-zero-code",
            "olmo3-rl-zero-general",
            "olmo3-rl-zero-if",
            "olmo3-rl-zero-math",
            "olmo3-rl-zero-mix",
            "olmo3-think-sft"
          ]
        },
        "28": {
          "matrix": [
            [
              1.0000001192092896,
              0.9945993423461914,
              0.9912687540054321,
              0.9946742057800293,
              0.9965466856956482,
              0.653606116771698
            ],
            [
              0.9945993423461914,
              1.0,
              0.9944761991500854,
              0.998192310333252,
              0.9963126182556152,
              0.6644831895828247
            ],
            [
              0.9912687540054321,
              0.9944761991500854,
              1.000000238418579,
              0.9941534399986267,
              0.9962012767791748,
              0.6566426753997803
            ],
            [
              0.9946742057800293,
              0.998192310333252,
              0.9941534399986267,
              1.0,
              0.9967228174209595,
              0.666483461856842
            ],
            [
              0.9965466856956482,
              0.9963126182556152,
              0.9962012767791748,
              0.9967228174209595,
              1.0000001192092896,
              0.6601749658584595
            ],
            [
              0.653606116771698,
              0.6644831895828247,
              0.6566426753997803,
              0.666483461856842,
              0.6601749658584595,
              1.0000001192092896
            ]
          ],
          "models": [
            "olmo3-rl-zero-code",
            "olmo3-rl-zero-general",
            "olmo3-rl-zero-if",
            "olmo3-rl-zero-math",
            "olmo3-rl-zero-mix",
            "olmo3-think-sft"
          ]
        },
        "31": {
          "matrix": [
            [
              0.9999999403953552,
              0.9963294863700867,
              0.9939011931419373,
              0.9964910745620728,
              0.9978726506233215,
              0.7344723343849182
            ],
            [
              0.9963294863700867,
              0.9999997615814209,
              0.9957806468009949,
              0.9984623193740845,
              0.9976337552070618,
              0.7416693568229675
            ],
            [
              0.9939011931419373,
              0.9957806468009949,
              1.0000001192092896,
              0.9957366585731506,
              0.9974260926246643,
              0.735646665096283
            ],
            [
              0.9964910745620728,
              0.9984623193740845,
              0.9957366585731506,
              1.0,
              0.9976249933242798,
              0.7419847249984741
            ],
            [
              0.9978726506233215,
              0.9976337552070618,
              0.9974260926246643,
              0.9976249933242798,
              1.0000001192092896,
              0.7393324971199036
            ],
            [
              0.7344723343849182,
              0.7416693568229675,
              0.735646665096283,
              0.7419847249984741,
              0.7393324971199036,
              1.0000001192092896
            ]
          ],
          "models": [
            "olmo3-rl-zero-code",
            "olmo3-rl-zero-general",
            "olmo3-rl-zero-if",
            "olmo3-rl-zero-math",
            "olmo3-rl-zero-mix",
            "olmo3-think-sft"
          ]
        }
      },
      "if": {
        "3": {
          "matrix": [
            [
              1.0000003576278687,
              0.9995927810668945,
              0.9991713762283325,
              0.9995726346969604,
              0.9995182752609253,
              0.8560814261436462
            ],
            [
              0.9995927810668945,
              0.9999999403953552,
              0.9991881251335144,
              0.999906599521637,
              0.9996986389160156,
              0.8597565293312073
            ],
            [
              0.9991713762283325,
              0.9991881251335144,
              1.0000001192092896,
              0.9990774989128113,
              0.9994819164276123,
              0.8596286773681641
            ],
            [
              0.9995726346969604,
              0.999906599521637,
              0.9990774989128113,
              0.9999998211860657,
              0.9996709823608398,
              0.8595944046974182
            ],
            [
              0.9995182752609253,
              0.9996986389160156,
              0.9994819164276123,
              0.9996709823608398,
              1.000000238418579,
              0.8606849908828735
            ],
            [
              0.8560814261436462,
              0.8597565293312073,
              0.8596286773681641,
              0.8595944046974182,
              0.8606849908828735,
              1.0000001192092896
            ]
          ],
          "models": [
            "olmo3-rl-zero-code",
            "olmo3-rl-zero-general",
            "olmo3-rl-zero-if",
            "olmo3-rl-zero-math",
            "olmo3-rl-zero-mix",
            "olmo3-think-sft"
          ]
        },
        "6": {
          "matrix": [
            [
              1.000000238418579,
              0.999264657497406,
              0.9951839447021484,
              0.9991405010223389,
              0.9964128136634827,
              0.7874508500099182
            ],
            [
              0.999264657497406,
              1.0000001192092896,
              0.9948204159736633,
              0.9996382594108582,
              0.9959535598754883,
              0.7906215190887451
            ],
            [
              0.9951839447021484,
              0.9948204159736633,
              0.9999998807907104,
              0.9941276907920837,
              0.9976288676261902,
              0.7967566847801208
            ],
            [
              0.9991405010223389,
              0.9996382594108582,
              0.9941276907920837,
              1.0000001192092896,
              0.995635449886322,
              0.7897545099258423
            ],
            [
              0.9964128136634827,
              0.9959535598754883,
              0.9976288676261902,
              0.995635449886322,
              1.0,
              0.7984183430671692
            ],
            [
              0.7874508500099182,
              0.7906215190887451,
              0.7967566847801208,
              0.7897545099258423,
              0.7984183430671692,
              1.0
            ]
          ],
          "models": [
            "olmo3-rl-zero-code",
            "olmo3-rl-zero-general",
            "olmo3-rl-zero-if",
            "olmo3-rl-zero-math",
            "olmo3-rl-zero-mix",
            "olmo3-think-sft"
          ]
        },
        "9": {
          "matrix": [
            [
              1.0000001192092896,
              0.998958170413971,
              0.9816880226135254,
              0.9985047578811646,
              0.9893215298652649,
              0.7435235381126404
            ],
            [
              0.998958170413971,
              1.0,
              0.9804641604423523,
              0.9991731643676758,
              0.988109827041626,
              0.7454267144203186
            ],
            [
              0.9816880226135254,
              0.9804641604423523,
              0.9999998211860657,
              0.9776148796081543,
              0.9934974312782288,
              0.7578219771385193
            ],
            [
              0.9985047578811646,
              0.9991731643676758,
              0.9776148796081543,
              0.9999996423721313,
              0.9861761331558228,
              0.7432205677032471
            ],
            [
              0.9893215298652649,
