{
  "olmo3-think-sft": {
    "math": {
      "3": {
        "matrix": [
          [
            0.9999999403953552,
            0.9770334959030151,
            0.9704374670982361,
            0.9685684442520142,
            0.9684820771217346,
            0.9693408012390137,
            0.9700912833213806,
            0.9706234931945801,
            0.9548880457878113,
            0.9751862287521362
          ],
          [
            0.9770334959030151,
            0.9999998211860657,
            0.9824700951576233,
            0.9794563055038452,
            0.9788945913314819,
            0.9792250990867615,
            0.9801028966903687,
            0.9807180166244507,
            0.9377815127372742,
            0.9597467184066772
          ],
          [
            0.9704374670982361,
            0.9824700951576233,
            1.0,
            0.9883285164833069,
            0.9865790605545044,
            0.9849746227264404,
            0.9856268167495728,
            0.9856630563735962,
            0.9359458684921265,
            0.9576273560523987
          ],
          [
            0.9685683846473694,
            0.9794563055038452,
            0.9883285164833069,
            1.000000238418579,
            0.9921931624412537,
            0.9905481338500977,
            0.9904425740242004,
            0.9903042316436768,
            0.9344276189804077,
            0.9558506608009338
          ],
          [
            0.9684820771217346,
            0.9788945913314819,
            0.9865790605545044,
            0.9921931624412537,
            1.000000238418579,
            0.9953831434249878,
            0.9950351715087891,
            0.9947695732116699,
            0.933925986289978,
            0.9550095200538635
          ],
          [
            0.9693408012390137,
            0.9792250990867615,
            0.9849745035171509,
            0.9905481338500977,
            0.9953831434249878,
            1.000000238418579,
            0.9980180859565735,
            0.9978755712509155,
            0.9347274303436279,
            0.9560753107070923
          ],
          [
            0.9700912833213806,
            0.9801028966903687,
            0.9856268167495728,
            0.9904425740242004,
            0.9950351715087891,
            0.9980180859565735,
            1.000000238418579,
            0.9994564056396484,
            0.9354798197746277,
            0.9567692279815674
          ],
          [
            0.9706234931945801,
            0.9807180166244507,
            0.9856630563735962,
            0.9903042316436768,
            0.9947695732116699,
            0.9978755712509155,
            0.9994564056396484,
            1.0000003576278687,
            0.9359171390533447,
            0.9572246074676514
          ],
          [
            0.9548879265785217,
            0.9377815127372742,
            0.935945987701416,
            0.9344276189804077,
            0.933925986289978,
            0.9347272515296936,
            0.9354798793792725,
            0.9359171986579895,
            1.000000238418579,
            0.9718068838119507
          ],
          [
            0.9751861095428467,
            0.9597468376159668,
            0.9576272964477539,
            0.9558507204055786,
            0.9550094604492188,
            0.9560754299163818,
            0.9567691087722778,
            0.9572247266769409,
            0.9718068838119507,
            0.9999999403953552
          ]
        ],
        "checkpoints": [
          "step13000",
          "step18000",
          "step22000",
          "step26000",
          "step31000",
          "step35000",
          "step39000",
          "step43000",
          "step5000",
          "step9000"
        ]
      },
      "6": {
        "matrix": [
          [
            1.0,
            0.971893310546875,
            0.9659066796302795,
            0.9652936458587646,
            0.9652820825576782,
            0.9648705124855042,
            0.9656063318252563,
            0.9660753607749939,
            0.948983371257782,
            0.9673266410827637
          ],
          [
            0.971893310546875,
            1.000000238418579,
            0.9794800281524658,
            0.9761890172958374,
            0.9745989441871643,
            0.9734984040260315,
            0.9745140075683594,
            0.975234866142273,
            0.9308515191078186,
            0.9500580430030823
          ],
          [
            0.9659066796302795,
            0.9794800281524658,
            1.0000001192092896,
            0.9859187602996826,
            0.983014702796936,
            0.9811881184577942,
            0.9818788170814514,
            0.9822323322296143,
            0.9250491261482239,
            0.945231020450592
          ],
          [
            0.9652936458587646,
            0.9761890172958374,
            0.9859187602996826,
            1.000000238418579,
            0.9898481369018555,
            0.9885377287864685,
            0.988376796245575,
            0.9886685609817505,
            0.925755500793457,
            0.9456382989883423
          ],
          [
            0.9652820825576782,
            0.9745989441871643,
            0.983014702796936,
            0.9898481369018555,
            1.0000001192092896,
            0.9943826198577881,
            0.9938476085662842,
            0.9937384128570557,
            0.923762321472168,
            0.9436404705047607
          ],
          [
            0.9648705124855042,
            0.9734984040260315,
            0.9811880588531494,
            0.9885377287864685,
            0.9943826198577881,
            1.0,
            0.9972873330116272,
            0.9971714615821838,
            0.9258056282997131,
            0.9450416564941406
          ],
          [
            0.9656063318252563,
            0.9745140671730042,
            0.9818788170814514,
            0.9883769154548645,
            0.9938476085662842,
            0.9972873330116272,
            1.0000001192092896,
            0.9992271065711975,
            0.9269120097160339,
            0.9463214874267578
          ],
          [
            0.9660753607749939,
            0.975234866142273,
            0.9822323322296143,
            0.9886685609817505,
            0.9937384128570557,
            0.9971714615821838,
            0.9992271065711975,
            1.000000238418579,
            0.9279147982597351,
            0.9470613598823547
          ],
          [
            0.9489835500717163,
            0.930851399898529,
            0.9250490665435791,
            0.9257554411888123,
            0.9237623810768127,
            0.9258056282997131,
            0.9269119501113892,
            0.9279147982597351,
            1.0,
            0.9659035801887512
          ],
          [
            0.9673265218734741,
            0.9500580430030823,
            0.9452310800552368,
            0.9456382989883423,
            0.9436403512954712,
            0.9450415968894958,
            0.9463214874267578,
            0.94706130027771,
            0.9659035801887512,
            0.9999998807907104
          ]
        ],
        "checkpoints": [
          "step13000",
          "step18000",
          "step22000",
          "step26000",
          "step31000",
          "step35000",
          "step39000",
          "step43000",
          "step5000",
          "step9000"
        ]
      },
      "9": {
        "matrix": [
          [
            1.0,
            0.9687448740005493,
            0.9640282392501831,
            0.9613480567932129,
            0.9600465893745422,
            0.9594389200210571,
            0.9598493576049805,
            0.960143506526947,
            0.9484619498252869,
            0.9661513566970825
          ],
          [
            0.9687448740005493,
            0.9999999403953552,
            0.9796417951583862,
            0.9767768979072571,
            0.9746720194816589,
            0.9746374487876892,
            0.9754505157470703,
            0.9755953550338745,
            0.9311360716819763,
            0.9513900876045227
          ],
          [
            0.9640282392501831,
            0.9796417951583862,
            1.0,
            0.9861181974411011,
            0.9834496378898621,
            0.9817999005317688,
            0.9825983047485352,
            0.982843279838562,
            0.9278604388237,
            0.9457869529724121
          ],
          [
            0.9613480567932129,
            0.9767768979072571,
            0.9861181974411011,
            1.000000238418579,
            0.9895572662353516,
            0.9884244799613953,
            0.9884340763092041,
            0.9886254668235779,
            0.9251953363418579,
            0.9444147944450378
          ],
          [
            0.9600465893745422,
            0.9746720194816589,
            0.9834496974945068,
            0.9895572662353516,
            1.0000001192092896,
            0.9940332770347595,
            0.9935594201087952,
            0.9935717582702637,
            0.9224939346313477,
            0.942058265209198
          ],
          [
            0.9594389200210571,
            0.9746374487876892,
            0.9817999005317688,
            0.9884244799613953,
            0.9940332770347595,
            1.0,
            0.9969741106033325,
            0.9968876838684082,
            0.9226054549217224,
            0.9428566098213196
          ],
          [
            0.9598493576049805,
            0.9754505157470703,
            0.9825983047485352,
            0.9884340763092041,
            0.9935594797134399,
            0.9969741106033325,
            1.0000001192092896,
            0.9991844892501831,
            0.9230754971504211,
            0.9439283609390259
          ],
          [
            0.960143506526947,
            0.9755953550338745,
            0.982843279838562,
            0.9886254668235779,
            0.9935717582702637,
            0.9968876838684082,
            0.9991844892501831,
            0.9999999403953552,
            0.9238017797470093,
            0.9444067478179932
          ],
          [
            0.9484619498252869,
            0.9311360716819763,
            0.9278604388237,
            0.9251953363418579,
            0.9224938750267029,
            0.9226055145263672,
            0.9230755567550659,
            0.923801839351654,
            0.9999999403953552,
            0.965339720249176
          ],
          [
            0.9661513566970825,
            0.9513902068138123,
            0.9457869529724121,
            0.9444147348403931,
            0.9420583248138428,
            0.94285649061203,
            0.9439284205436707,
            0.9444068670272827,
            0.965339720249176,
            0.9999998807907104
          ]
        ],
        "checkpoints": [
          "step13000",
          "step18000",
          "step22000",
          "step26000",
          "step31000",
          "step35000",
          "step39000",
          "step43000",
          "step5000",
          "step9000"
        ]
      },
      "12": {
        "matrix": [
          [
            1.0000001192092896,
            0.9719435572624207,
            0.9662920832633972,
            0.964119553565979,
            0.962645411491394,
            0.9619005918502808,
            0.9624225497245789,
            0.9621284604072571,
            0.9536031484603882,
            0.9704450368881226
          ],
          [
            0.9719435572624207,
            0.9999998807907104,
            0.9820549488067627,
            0.9790375828742981,
            0.9769126176834106,
            0.9766132831573486,
            0.977345883846283,
            0.977105975151062,
            0.9364756941795349,
            0.9578221440315247
          ],
          [
            0.9662920832633972,
            0.9820549488067627,
            1.0000001192092896,
            0.9885542392730713,
            0.9856603741645813,
            0.9847007393836975,
            0.9857181310653687,
            0.9857805967330933,
            0.9330975413322449,
            0.950741708278656
          ],
          [
            0.964119553565979,
            0.9790375828742981,
            0.9885542392730713,
            0.9999997615814209,
            0.9908867478370667,
            0.9903029203414917,
            0.9905461072921753,
            0.9906328916549683,
            0.9315847158432007,
            0.9499215483665466
          ],
          [
            0.962645411491394,
            0.9769126176834106,
            0.9856603741645813,
            0.9908866882324219,
            0.9999998807907104,
            0.9947784543037415,
            0.9944690465927124,
            0.994165301322937,
            0.927788496017456,
            0.9474024772644043
          ],
          [
            0.9619005918502808,
            0.9766132831573486,
            0.9847007393836975,
            0.9903029203414917,
            0.9947784543037415,
            1.0000001192092896,
            0.9973825216293335,
            0.9972503185272217,
            0.9272046089172363,
            0.9470651149749756
          ],
          [
            0.9624225497245789,
            0.9773459434509277,
            0.9857181310653687,
            0.9905461072921753,
            0.9944690465927124,
            0.9973825216293335,
            1.000000238418579,
            0.9992334842681885,
            0.9272422194480896,
            0.9474829435348511
          ],
          [
            0.9621284604072571,
            0.977105975151062,
            0.9857805967330933,
            0.9906328916549683,
            0.994165301322937,
            0.9972503185272217,
            0.9992334842681885,
            1.0000003576278687,
            0.9277958869934082,
            0.9479057788848877
          ],
          [
            0.953603208065033,
            0.9364756941795349,
            0.9330975413322449,
            0.9315845966339111,
            0.927788496017456,
            0.9272046089172363,
            0.9272422790527344,
            0.9277960062026978,
            1.0,
            0.9705372452735901
          ],
          [
            0.9704450368881226,
            0.9578220844268799,
            0.9507416486740112,
            0.9499216079711914,
            0.9474023580551147,
            0.9470650553703308,
            0.9474828243255615,
            0.9479056596755981,
            0.9705372452735901,
            1.0000001192092896
          ]
        ],
        "checkpoints": [
          "step13000",
          "step18000",
          "step22000",
          "step26000",
          "step31000",
          "step35000",
          "step39000",
          "step43000",
          "step5000",
          "step9000"
        ]
      },
      "16": {
        "matrix": [
          [
            0.9999997615814209,
            0.9805367588996887,
            0.975326418876648,
            0.9720693826675415,
            0.969339907169342,
            0.9687536954879761,
            0.9695878028869629,
            0.969266414642334,
            0.9600107669830322,
            0.9775716066360474
          ],
          [
            0.9805367588996887,
            1.0,
            0.986903190612793,
            0.9842057824134827,
            0.9824105501174927,
            0.9813247919082642,
            0.9823102951049805,
            0.9821350574493408,
            0.9484282732009888,
            0.9691494703292847
          ],
          [
            0.975326418876648,
            0.986903190612793,
            1.0000001192092896,
            0.9922122955322266,
            0.9901576042175293,
            0.9895686507225037,
            0.9900304079055786,
            0.9900197982788086,
            0.9455388784408569,
            0.9641269445419312
          ],
          [
            0.972069501876831,
            0.9842057824134827,
            0.9922122955322266,
            1.0000001192092896,
            0.9937455058097839,
            0.9929165244102478,
            0.9930703639984131,
            0.9931463003158569,
            0.9408297538757324,
            0.9618890285491943
          ],
          [
            0.969339907169342,
            0.9824105501174927,
            0.9901576042175293,
            0.9937455058097839,
            1.0000001192092896,
            0.9962592720985413,
            0.9957853555679321,
            0.9955464005470276,
            0.9369611144065857,
            0.9585811495780945
          ],
          [
            0.9687536954879761,
            0.9813247919082642,
            0.9895686507225037,
            0.9929164052009583,
            0.9962592720985413,
            1.0000001192092896,
            0.9979830980300903,
            0.9978475570678711,
            0.9371482133865356,
            0.9587348699569702
          ],
          [
            0.9695878028869629,
            0.9823102951049805,
            0.9900304079055786,
            0.9930703639984131,
            0.9957853555679321,
            0.9979830980300903,
            1.0,
            0.9994481801986694,
            0.9374536275863647,
            0.9591383934020996
          ],
          [
            0.969266414642334,
            0.9821350574493408,
            0.9900197386741638,
            0.9931463003158569,
            0.9955464005470276,
            0.9978475570678711,
            0.9994481801986694,
            1.0,
            0.937421977519989,
            0.9591044783592224
          ],
          [
            0.9600108861923218,
            0.9484282732009888,
            0.9455388784408569,
            0.9408296346664429,
            0.9369610548019409,
            0.9371482133865356,
            0.9374536275863647,
            0.9374221563339233,
            1.0000001192092896,
            0.9747662544250488
          ],
          [
            0.9775717258453369,
            0.969149649143219,
            0.964126706123352,
            0.9618889093399048,
            0.9585812091827393,
            0.9587349891662598,
            0.9591385126113892,
            0.9591045379638672,
            0.9747662544250488,
            1.000000238418579
          ]
        ],
        "checkpoints": [
          "step13000",
          "step18000",
          "step22000",
          "step26000",
          "step31000",
          "step35000",
          "step39000",
          "step43000",
          "step5000",
          "step9000"
        ]
      },
      "19": {
        "matrix": [
          [
            1.0000001192092896,
            0.9833389520645142,
            0.9779577255249023,
            0.9739629626274109,
            0.9714785814285278,
            0.9696324467658997,
            0.9702694416046143,
            0.9700369238853455,
            0.9636499881744385,
            0.98004150390625
          ],
          [
            0.9833389520645142,
            0.9999998807907104,
            0.9889344573020935,
            0.985924482345581,
            0.9836224317550659,
            0.9819459915161133,
            0.9824085235595703,
            0.9821115732192993,
            0.952780544757843,
            0.9726645350456238
          ],
          [
            0.9779577255249023,
            0.9889344573020935,
            0.9999999403953552,
            0.9935352206230164,
            0.9914178848266602,
            0.9905239343643188,
            0.9908038973808289,
            0.9907947778701782,
            0.95000159740448,
            0.9679921865463257
          ],
          [
            0.9739629626274109,
            0.985924482345581,
            0.9935352206230164,
            1.0,
            0.9946941137313843,
            0.9936836361885071,
            0.9937312602996826,
            0.993720293045044,
            0.9443655014038086,
            0.9635909795761108
          ],
          [
            0.9714785814285278,
            0.9836224317550659,
            0.9914178848266602,
            0.9946942329406738,
            1.000000238418579,
            0.9966610074043274,
            0.9962871670722961,
            0.9961363077163696,
            0.9405879378318787,
            0.9607293009757996
          ],
          [
            0.9696324467658997,
            0.9819459915161133,
            0.9905239343643188,
            0.9936836361885071,
            0.9966610074043274,
            1.0000001192092896,
            0.9983389377593994,
            0.998154878616333,
            0.939195454120636,
            0.9594674110412598
          ],
          [
            0.9702694416046143,
            0.9824085235595703,
            0.9908038973808289,
            0.9937312602996826,
            0.9962871670722961,
            0.9983389377593994,
            1.0000001192092896,
            0.9995412230491638,
            0.9396905303001404,
            0.9595603346824646
          ],
          [
            0.9700369238853455,
            0.9821115732192993,
            0.9907947778701782,
            0.993720293045044,
            0.9961363077163696,
            0.998154878616333,
            0.9995412230491638,
            1.0,
            0.9396081566810608,
            0.9595755338668823
          ],
          [
            0.9636499881744385,
            0.9527806043624878,
            0.9500015377998352,
            0.9443656802177429,
            0.9405880570411682,
            0.9391953945159912,
            0.9396904706954956,
            0.9396082162857056,
            1.0,
            0.9778112173080444
          ],
          [
            0.9800416231155396,
            0.9726645350456238,
            0.9679922461509705,
            0.9635909795761108,
            0.9607293605804443,
            0.9594674110412598,
            0.9595603942871094,
            0.9595755338668823,
            0.9778112173080444,
            1.0000001192092896
          ]
        ],
        "checkpoints": [
          "step13000",
          "step18000",
          "step22000",
          "step26000",
          "step31000",
          "step35000",
          "step39000",
          "step43000",
          "step5000",
          "step9000"
        ]
      },
      "22": {
        "matrix": [
          [
            1.000000238418579,
            0.9814477562904358,
            0.973840057849884,
            0.9690170884132385,
            0.9671811461448669,
            0.964240550994873,
            0.9646100997924805,
            0.9644501805305481,
            0.9585186839103699,
            0.9780738353729248
          ],
          [
            0.9814477562904358,
            0.9999998807907104,
            0.9876269698143005,
            0.9832487106323242,
            0.9811373949050903,
            0.9790558815002441,
            0.9792459607124329,
            0.9789564609527588,
            0.9454363584518433,
            0.9692078828811646
          ],
          [
            0.973840057849884,
            0.9876269698143005,
            1.0000001192092896,
            0.992534875869751,
            0.9900700449943542,
            0.9886445999145508,
            0.9889030456542969,
            0.9888509511947632,
            0.9399271607398987,
            0.9623968601226807
          ],
          [
            0.9690170884132385,
            0.9832487106323242,
            0.9925348162651062,
            1.0,
            0.9939546585083008,
            0.992672324180603,
            0.9924931526184082,
            0.9925247430801392,
            0.9334406852722168,
            0.9571810960769653
          ],
          [
            0.9671811461448669,
            0.9811373949050903,
            0.9900700449943542,
            0.9939546585083008,
            1.0000001192092896,
            0.9962111115455627,
            0.9957120418548584,
            0.9956051111221313,
            0.9300677180290222,
            0.9546092748641968
          ],
          [
            0.964240550994873,
            0.9790558815002441,
            0.9886445999145508,
            0.9926722645759583,
            0.9962111115455627,
            1.0,
            0.9981617331504822,
            0.9979888796806335,
            0.927435040473938,
            0.9521558284759521
          ],
          [
            0.9646100997924805,
            0.9792459607124329,
            0.9889030456542969,
            0.9924931526184082,
            0.9957120418548584,
            0.9981617331504822,
            1.0,
            0.9994753003120422,
            0.9272072315216064,
            0.9516806602478027
          ],
          [
            0.9644501805305481,
            0.9789564609527588,
            0.9888509511947632,
            0.9925247430801392,
            0.9956051111221313,
            0.9979888796806335,
            0.9994753003120422,
            0.9999997615814209,
            0.9274171590805054,
            0.9518885016441345
          ],
          [
            0.9585187435150146,
            0.9454363584518433,
            0.9399271011352539,
            0.9334406852722168,
            0.9300676584243774,
            0.9274349212646484,
            0.9272072315216064,
            0.9274170398712158,
            0.9999998211860657,
            0.9750961661338806
          ],
          [
            0.9780738353729248,
            0.9692078232765198,
            0.9623969197273254,
            0.9571811556816101,
            0.9546094536781311,
            0.9521557092666626,
            0.9516808390617371,
            0.9518884420394897,
            0.9750961661338806,
            0.9999998807907104
          ]
        ],
        "checkpoints": [
          "step13000",
          "step18000",
          "step22000",
          "step26000",
          "step31000",
          "step35000",
          "step39000",
          "step43000",
          "step5000",
          "step9000"
        ]
      },
      "25": {
        "matrix": [
          [
            1.0,
            0.9787509441375732,
            0.969573974609375,
            0.9627273082733154,
            0.9596401453018188,
            0.9556393623352051,
            0.9558696150779724,
            0.9555863738059998,
            0.9504349231719971,
            0.9741953611373901
          ],
          [
            0.9787509441375732,
            0.9999998807907104,
            0.9852297902107239,
            0.9794345498085022,
            0.9759929180145264,
            0.9726959466934204,
            0.9729812741279602,
            0.9726834297180176,
            0.9313884973526001,
            0.9621593356132507
          ],
          [
            0.969573974609375,
            0.9852297902107239,
            1.0000001192092896,
            0.9910675287246704,
            0.9873673915863037,
            0.9851320385932922,
            0.9853976964950562,
            0.9854249954223633,
            0.9246393442153931,
            0.9550963640213013
          ],
          [
            0.9627273082733154,
            0.9794345498085022,
            0.9910674691200256,
            1.0,
            0.9925867915153503,
            0.9908590316772461,
            0.9907850027084351,
            0.9908105134963989,
            0.915047824382782,
            0.9467759132385254
          ],
          [
            0.9596401453018188,
            0.9759929180145264,
            0.9873673915863037,
            0.9925867915153503,
            0.9999997019767761,
            0.9955047965049744,
            0.9949259161949158,
            0.9947366118431091,
            0.9091256856918335,
            0.9426430463790894
          ],
          [
            0.9556393623352051,
            0.9726959466934204,
            0.9851320385932922,
            0.9908590316772461,
            0.9955047965049744,
            0.9999997615814209,
            0.997821569442749,
            0.9976828098297119,
            0.9052793979644775,
            0.9389015436172485
          ],
          [
            0.9558696150779724,
            0.9729812741279602,
            0.9853976964950562,
            0.9907850027084351,
            0.9949259161949158,
            0.997821569442749,
            1.0,
            0.9993593692779541,
            0.9045307636260986,
            0.9380879402160645
          ],
          [
            0.9555862545967102,
            0.9726834297180176,
            0.9854249954223633,
            0.9908105134963989,
            0.9947366118431091,
            0.9976828098297119,
            0.9993594884872437,
            1.0000003576278687,
            0.9048000574111938,
            0.9382749795913696
          ],
          [
            0.9504350423812866,
            0.9313883185386658,
            0.9246394038200378,
            0.9150478839874268,
            0.909125566482544,
            0.9052793979644775,
            0.9045306444168091,
            0.9048001766204834,
            0.9999998807907104,
            0.9702619910240173
          ],
          [
            0.9741953015327454,
            0.9621593952178955,
            0.9550963640213013,
            0.9467759728431702,
            0.9426430463790894,
            0.9389016628265381,
            0.9380879402160645,
            0.9382749199867249,
            0.9702619910240173,
            1.000000238418579
          ]
        ],
        "checkpoints": [
          "step13000",
          "step18000",
          "step22000",
          "step26000",
          "step31000",
          "step35000",
          "step39000",
          "step43000",
          "step5000",
          "step9000"
        ]
      },
      "28": {
        "matrix": [
          [
            1.0,
            0.9750964641571045,
            0.965383768081665,
            0.9564984440803528,
            0.9541966319084167,
            0.9495820999145508,
            0.9495574235916138,
            0.9490443468093872,
            0.9447962045669556,
            0.9711902737617493
          ],
          [
            0.9750964641571045,
            0.9999998807907104,
            0.9832307696342468,
            0.9767200350761414,
            0.9731857180595398,
            0.9694200158119202,
            0.9697180986404419,
            0.9692592620849609,
            0.9244384765625,
            0.9573484659194946
          ],
          [
            0.965383768081665,
            0.9832307696342468,
            1.0000001192092896,
            0.989789605140686,
            0.9856700301170349,
            0.9833583831787109,
            0.9837801456451416,
            0.9836930632591248,
            0.9169961214065552,
            0.948530912399292
          ],
          [
            0.9564984440803528,
            0.9767200350761414,
            0.989789605140686,
            1.000000238418579,
            0.9916077852249146,
            0.989774227142334,
            0.9897370934486389,
            0.9896126389503479,
            0.9047259092330933,
            0.9387376308441162
          ],
          [
            0.9541966319084167,
            0.9731857180595398,
            0.9856700301170349,
            0.9916079044342041,
            1.0,
            0.9948370456695557,
            0.9941712617874146,
            0.9939329624176025,
            0.8982856869697571,
            0.9344017505645752
          ],
          [
            0.9495820999145508,
            0.9694200158119202,
            0.9833583831787109,
            0.989774227142334,
            0.9948370456695557,
            0.9999999403953552,
            0.9974663853645325,
            0.9973357319831848,
            0.8940507769584656,
            0.9298699498176575
          ],
          [
            0.9495574235916138,
            0.9697180986404419,
            0.9837801456451416,
            0.9897370934486389,
            0.9941712617874146,
            0.997466504573822,
            0.9999998807907104,
            0.9992650747299194,
            0.893036425113678,
            0.9289021492004395
          ],
          [
            0.9490442276000977,
            0.9692592620849609,
            0.9836930632591248,
            0.9896126389503479,
            0.9939329624176025,
            0.9973357319831848,
            0.9992650747299194,
            1.0,
            0.8930272459983826,
            0.9288742542266846
          ],
          [
            0.9447962045669556,
            0.9244384765625,
            0.9169961214065552,
            0.904725968837738,
            0.8982858657836914,
            0.894050657749176,
            0.8930364847183228,
            0.8930272459983826,
            1.0,
            0.9673076868057251
          ],
          [
            0.9711902141571045,
            0.9573484659194946,
            0.948530912399292,
            0.9387376308441162,
            0.9344017505645752,
            0.9298698902130127,
            0.9289020299911499,
            0.9288742542266846,
            0.9673076868057251,
            1.0
          ]
        ],
        "checkpoints": [
          "step13000",
          "step18000",
          "step22000",
          "step26000",
          "step31000",
          "step35000",
          "step39000",
          "step43000",
          "step5000",
          "step9000"
        ]
      },
      "31": {
        "matrix": [
          [
            0.9999999403953552,
            0.9810200929641724,
            0.964497447013855,
            0.9548441767692566,
            0.9480701684951782,
            0.9404059648513794,
            0.9373588562011719,
            0.9336652755737305,
            0.9471171498298645,
            0.9790506362915039
          ],
          [
            0.9810200929641724,
            0.9999998807907104,
            0.9856529235839844,
            0.9782276153564453,
            0.971412181854248,
            0.9650164842605591,
            0.962722659111023,
            0.9599580764770508,
            0.9226014614105225,
            0.964742124080658
          ],
          [
            0.964497447013855,
            0.9856529235839844,
            1.000000238418579,
            0.9920472502708435,
            0.9872645735740662,
            0.9831733703613281,
            0.9818427562713623,
            0.9803532361984253,
            0.9015916585922241,
            0.9471776485443115
          ],
          [
            0.9548442363739014,
            0.9782276153564453,
            0.9920471906661987,
            0.9999998807907104,
            0.9933989644050598,
            0.9912573099136353,
            0.9895912408828735,
            0.9886758327484131,
            0.8871710300445557,
            0.9342285394668579
          ],
          [
            0.9480701684951782,
            0.971412181854248,
            0.9872645735740662,
            0.993398904800415,
            1.0,
            0.9960081577301025,
            0.9950916767120361,
            0.9943764209747314,
            0.8790571689605713,
            0.9255527257919312
          ],
          [
            0.9404059648513794,
            0.9650164842605591,
            0.9831733703613281,
            0.9912572503089905,
            0.9960081577301025,
            1.0000003576278687,
            0.9980331659317017,
            0.9977667331695557,
            0.8691538572311401,
            0.9167854189872742
          ],
          [
            0.9373588562011719,
            0.962722659111023,
            0.9818427562713623,
            0.9895913600921631,
            0.9950916767120361,
            0.9980331659317017,
            1.0000001192092896,
            0.9993454217910767,
            0.8665939569473267,
            0.9130935668945312
          ],
          [
            0.9336652755737305,
            0.9599579572677612,
            0.9803532361984253,
            0.9886758327484131,
            0.9943764209747314,
            0.9977667331695557,
            0.9993454217910767,
            1.0,
            0.8624471426010132,
            0.9095600843429565
          ],
          [
            0.9471170902252197,
            0.9226014614105225,
            0.9015915989875793,
            0.8871710300445557,
            0.8790570497512817,
            0.8691538572311401,
            0.8665939569473267,
            0.8624472618103027,
            0.9999999403953552,
            0.9714177846908569
          ],
          [
            0.9790505766868591,
            0.9647420644760132,
            0.9471776485443115,
            0.9342285394668579,
            0.9255525469779968,
            0.916785478591919,
            0.9130935668945312,
            0.9095600247383118,
            0.9714177846908569,
            0.9999998211860657
          ]
        ],
        "checkpoints": [
          "step13000",
          "step18000",
          "step22000",
          "step26000",
          "step31000",
          "step35000",
          "step39000",
          "step43000",
          "step5000",
          "step9000"
        ]
      }
    },
    "code": {
      "3": {
        "matrix": [
          [
            1.0000001192092896,
            0.9765428900718689,
            0.9692617058753967,
            0.968594491481781,
            0.9682874083518982,
            0.969014585018158,
            0.9698566794395447,
            0.970292866230011,
            0.9562590718269348,
            0.9754883646965027
          ],
          [
            0.9765428900718689,
            1.000000238418579,
            0.9822255969047546,
            0.9797698259353638,
            0.9790966510772705,
            0.9790890216827393,
            0.979810893535614,
            0.9802560806274414,
            0.940386176109314,
            0.9604166150093079
          ],
          [
            0.9692617058753967,
            0.9822255969047546,
            1.0,
            0.9882162809371948,
            0.9864400625228882,
            0.9847954511642456,
            0.9850755333900452,
            0.9851859211921692,
            0.9383022785186768,
            0.9572335481643677
          ],
          [
            0.968594491481781,
            0.9797698259353638,
            0.9882161617279053,
            1.0,
            0.9922457337379456,
            0.990594744682312,
            0.9905002117156982,
            0.9905294179916382,
            0.9375889897346497,
            0.9557795524597168
          ],
          [
            0.9682874083518982,
            0.9790966510772705,
            0.9864400625228882,
            0.9922457337379456,
            0.9999999403953552,
            0.995486319065094,
            0.9951804876327515,
            0.9949520230293274,
            0.9354817271232605,
            0.9554297924041748
          ],
          [
            0.969014585018158,
            0.9790890216827393,
            0.9847954511642456,
            0.990594744682312,
            0.995486319065094,
            1.0,
            0.9980722665786743,
            0.997986912727356,
            0.9372896552085876,
            0.9565927982330322
          ],
          [
            0.9698566794395447,
            0.979810893535614,
            0.9850755333900452,
            0.9905002117156982,
            0.9951804876327515,
            0.9980723261833191,
            1.000000238418579,
            0.9994741678237915,
            0.9382608532905579,
            0.9575788974761963
          ],
          [
            0.970292866230011,
            0.9802560806274414,
            0.9851859211921692,
            0.9905294179916382,
            0.9949520230293274,
            0.9979868531227112,
            0.9994741678237915,
            0.9999999403953552,
            0.9386245012283325,
            0.9579412341117859
          ],
          [
            0.95625901222229,
            0.9403862357139587,
            0.9383022785186768,
            0.9375889301300049,
            0.9354817867279053,
