{
  "math": {
    "3": {
      "matrix": [
        [
          0.9999998807907104,
          0.8627344965934753,
          0.8659834861755371,
          0.8643630146980286,
          0.8659054040908813,
          0.8663022518157959,
          0.9560762047767639
        ],
        [
          0.8627344965934753,
          1.000000238418579,
          0.999605655670166,
          0.9994238018989563,
          0.9995833039283752,
          0.9996093511581421,
          0.8549773693084717
        ],
        [
          0.8659836053848267,
          0.999605655670166,
          0.9999999403953552,
          0.999476432800293,
          0.9998807311058044,
          0.99980628490448,
          0.8583341836929321
        ],
        [
          0.8643630146980286,
          0.9994238018989563,
          0.9994763731956482,
          1.0,
          0.9993312358856201,
          0.9996476173400879,
          0.8575554490089417
        ],
        [
          0.8659054040908813,
          0.9995833039283752,
          0.999880850315094,
          0.9993311762809753,
          0.9999999403953552,
          0.9997557401657104,
          0.858266294002533
        ],
        [
          0.8663022518157959,
          0.9996093511581421,
          0.99980628490448,
          0.9996476173400879,
          0.9997557401657104,
          1.0,
          0.858886182308197
        ],
        [
          0.9560762047767639,
          0.8549773693084717,
          0.8583341836929321,
          0.8575554490089417,
          0.8582662343978882,
          0.858886182308197,
          1.000000238418579
        ]
      ],
      "models": [
        "olmo3-instruct-sft",
        "olmo3-rl-zero-code",
        "olmo3-rl-zero-general",
        "olmo3-rl-zero-if",
        "olmo3-rl-zero-math",
        "olmo3-rl-zero-mix",
        "olmo3-think-sft"
      ]
    },
    "6": {
      "matrix": [
        [
          1.0,
          0.8159841299057007,
          0.8184598684310913,
          0.8165379166603088,
          0.8192201256752014,
          0.8186231255531311,
          0.9166383743286133
        ],
        [
          0.8159841299057007,
          0.9999999403953552,
          0.9993372559547424,
          0.9986552596092224,
          0.9991214275360107,
          0.9991117119789124,
          0.8002803325653076
        ],
        [
          0.8184598684310913,
          0.9993372559547424,
          1.000000238418579,
          0.9988200664520264,
          0.9996063709259033,
          0.9992409348487854,
          0.8036456108093262
        ],
        [
          0.8165379166603088,
          0.9986552596092224,
          0.9988200664520264,
          1.0000001192092896,
          0.9982882738113403,
          0.9992424249649048,
          0.8034884333610535
        ],
        [
          0.8192201256752014,
          0.9991214275360107,
          0.9996063709259033,
          0.9982882738113403,
          0.9999998807907104,
          0.9989567995071411,
          0.8033888339996338
        ],
        [
          0.8186231255531311,
          0.9991117119789124,
          0.9992409348487854,
          0.9992424249649048,
          0.9989567995071411,
          1.0,
          0.8057557940483093
        ],
        [
          0.9166383743286133,
          0.8002803325653076,
          0.8036456108093262,
          0.8034884333610535,
          0.8033888339996338,
          0.8057557940483093,
          0.9999997019767761
        ]
      ],
      "models": [
        "olmo3-instruct-sft",
        "olmo3-rl-zero-code",
        "olmo3-rl-zero-general",
        "olmo3-rl-zero-if",
        "olmo3-rl-zero-math",
        "olmo3-rl-zero-mix",
        "olmo3-think-sft"
      ]
    },
    "9": {
      "matrix": [
        [
          1.000000238418579,
          0.8150739073753357,
          0.8173679113388062,
          0.8167356848716736,
          0.8182151317596436,
          0.8179383873939514,
          0.8886259198188782
        ],
        [
          0.8150739073753357,
          1.0000001192092896,
          0.9992069602012634,
          0.997955322265625,
          0.998941957950592,
          0.9987797737121582,
          0.7788897156715393
        ],
        [
          0.8173678517341614,
          0.9992069602012634,
          1.0000001192092896,
          0.9981832504272461,
          0.9994170665740967,
          0.9988919496536255,
          0.7815171480178833
        ],
        [
          0.8167356848716736,
          0.997955322265625,
          0.9981832504272461,
          1.0,
          0.9973940253257751,
          0.99900221824646,
          0.7851274609565735
        ],
        [
          0.8182151317596436,
          0.998941957950592,
          0.9994170665740967,
          0.9973940253257751,
          1.0,
          0.9985184669494629,
          0.7822359204292297
        ],
        [
          0.8179383873939514,
          0.9987797737121582,
          0.998892068862915,
          0.99900221824646,
          0.9985184669494629,
          0.9999998807907104,
          0.7864689826965332
        ],
        [
          0.8886259198188782,
          0.7788897156715393,
          0.7815171480178833,
          0.7851274609565735,
          0.7822359204292297,
          0.7864691019058228,
          1.0
        ]
      ],
      "models": [
        "olmo3-instruct-sft",
        "olmo3-rl-zero-code",
        "olmo3-rl-zero-general",
        "olmo3-rl-zero-if",
        "olmo3-rl-zero-math",
        "olmo3-rl-zero-mix",
        "olmo3-think-sft"
      ]
    },
    "12": {
      "matrix": [
        [
          0.9999999403953552,
          0.8300973176956177,
          0.8316324353218079,
          0.8305320143699646,
          0.832240104675293,
          0.8322690725326538,
          0.880386233329773
        ],
        [
          0.8300973176956177,
          1.0000001192092896,
          0.9991028308868408,
          0.9978585243225098,
          0.9988659620285034,
          0.9987607002258301,
          0.7816461324691772
        ],
        [
          0.8316324353218079,
          0.9991028308868408,
          1.000000238418579,
          0.9980950951576233,
          0.9993157386779785,
          0.9989041686058044,
          0.7828960418701172
        ],
        [
          0.8305320143699646,
          0.9978585243225098,
          0.9980950951576233,
          1.000000238418579,
          0.997267484664917,
          0.9988840818405151,
          0.7852095365524292
        ],
        [
          0.832240104675293,
          0.9988659620285034,
          0.9993157386779785,
          0.997267484664917,
          1.000000238418579,
          0.9984882473945618,
          0.7837342023849487
        ],
        [
          0.8322690725326538,
          0.9987607002258301,
          0.9989041686058044,
          0.9988840818405151,
          0.9984882473945618,
          1.0,
          0.7880138158798218
        ],
        [
          0.880386233329773,
          0.7816461324691772,
          0.7828960418701172,
          0.7852095365524292,
          0.7837342023849487,
          0.7880138158798218,
          1.0000001192092896
        ]
      ],
      "models": [
        "olmo3-instruct-sft",
        "olmo3-rl-zero-code",
        "olmo3-rl-zero-general",
        "olmo3-rl-zero-if",
        "olmo3-rl-zero-math",
        "olmo3-rl-zero-mix",
        "olmo3-think-sft"
      ]
    },
    "16": {
      "matrix": [
        [
          1.000000238418579,
          0.838740885257721,
          0.8397166728973389,
          0.8390331268310547,
          0.8408176898956299,
          0.8401036262512207,
          0.8663374185562134
        ],
        [
          0.838740885257721,
          1.0000001192092896,
          0.9990805387496948,
          0.9974923133850098,
          0.9988096356391907,
          0.9985705614089966,
          0.8010948300361633
        ],
        [
          0.8397166728973389,
          0.9990805983543396,
          0.9999998807907104,
          0.997749924659729,
          0.998988151550293,
          0.9986985921859741,
          0.8010624051094055
        ],
        [
          0.8390331268310547,
          0.9974923133850098,
          0.9977498650550842,
          1.0000001192092896,
          0.996623158454895,
          0.9986507892608643,
          0.799130380153656
        ],
        [
          0.8408176898956299,
          0.9988096356391907,
          0.998988151550293,
          0.9966232776641846,
          1.0000001192092896,
          0.9982678890228271,
          0.8029919862747192
        ],
        [
          0.8401036262512207,
          0.9985705614089966,
          0.9986985921859741,
          0.9986507892608643,
          0.9982678890228271,
          1.0,
          0.8030275106430054
        ],
        [
          0.8663374185562134,
          0.8010948300361633,
          0.8010624051094055,
          0.7991302609443665,
          0.8029919862747192,
          0.8030275106430054,
          1.000000238418579
        ]
      ],
      "models": [
        "olmo3-instruct-sft",
        "olmo3-rl-zero-code",
        "olmo3-rl-zero-general",
        "olmo3-rl-zero-if",
        "olmo3-rl-zero-math",
        "olmo3-rl-zero-mix",
        "olmo3-think-sft"
      ]
    },
    "19": {
      "matrix": [
        [
          1.0,
          0.8424389958381653,
          0.8420584797859192,
          0.8434953093528748,
          0.8436182737350464,
          0.8445682525634766,
          0.8442932367324829
        ],
        [
          0.8424389958381653,
          1.000000238418579,
          0.9991908073425293,
          0.9979300498962402,
          0.9989585876464844,
          0.9988402128219604,
          0.819278359413147
        ],
        [
          0.8420584797859192,
          0.9991908073425293,
          1.0,
          0.997960090637207,
          0.998958945274353,
          0.9987703561782837,
          0.8188303112983704
        ],
        [
          0.8434953093528748,
          0.9979300498962402,
          0.997960090637207,
          0.9999997019767761,
          0.9969443678855896,
          0.998720109462738,
          0.8158540725708008
        ],
        [
          0.8436182737350464,
          0.9989585876464844,
          0.998958945274353,
          0.9969443678855896,
          0.9999998807907104,
          0.9984899163246155,
          0.8221242427825928
        ],
        [
          0.8445682525634766,
          0.9988402128219604,
          0.9987703561782837,
          0.998720109462738,
          0.9984899163246155,
          0.9999999403953552,
          0.8203293681144714
        ],
        [
          0.8442932367324829,
          0.819278359413147,
          0.8188303112983704,
          0.8158541321754456,
          0.8221242427825928,
          0.8203293681144714,
          0.9999997615814209
        ]
      ],
      "models": [
        "olmo3-instruct-sft",
        "olmo3-rl-zero-code",
        "olmo3-rl-zero-general",
        "olmo3-rl-zero-if",
        "olmo3-rl-zero-math",
        "olmo3-rl-zero-mix",
        "olmo3-think-sft"
      ]
    },
    "22": {
      "matrix": [
        [
          1.0000001192092896,
          0.8131996989250183,
          0.8120328783988953,
          0.8142637014389038,
          0.8134618997573853,
          0.8151625990867615,
          0.8197884559631348
        ],
        [
          0.8131996989250183,
          1.000000238418579,
          0.9990594983100891,
          0.9976692795753479,
          0.9986150860786438,
          0.9987050294876099,
          0.8017334938049316
        ],
        [
          0.8120328783988953,
          0.9990594983100891,
          1.000000238418579,
          0.9976505637168884,
          0.9986619353294373,
          0.9985525012016296,
          0.802067220211029
        ],
        [
          0.8142637014389038,
          0.9976693391799927,
          0.9976505637168884,
          1.0000001192092896,
          0.9963942766189575,
          0.998488187789917,
          0.7983577251434326
        ],
        [
          0.8134618997573853,
          0.9986150860786438,
          0.9986619353294373,
          0.9963942766189575,
          1.000000238418579,
          0.9982276558876038,
          0.8040021061897278
        ],
        [
          0.8151625990867615,
          0.9987050294876099,
          0.9985525012016296,
          0.9984883069992065,
          0.9982276558876038,
          1.0000001192092896,
          0.8022544384002686
        ],
        [
          0.8197884559631348,
          0.8017334938049316,
          0.802067220211029,
          0.7983577251434326,
          0.8040021061897278,
          0.8022544980049133,
          0.9999998807907104
        ]
      ],
      "models": [
        "olmo3-instruct-sft",
        "olmo3-rl-zero-code",
        "olmo3-rl-zero-general",
        "olmo3-rl-zero-if",
        "olmo3-rl-zero-math",
        "olmo3-rl-zero-mix",
        "olmo3-think-sft"
      ]
    },
    "25": {
      "matrix": [
        [
          1.0,
          0.7663434743881226,
          0.7648195028305054,
          0.7677619457244873,
          0.7669613361358643,
          0.7683266401290894,
          0.791105329990387
        ],
        [
          0.7663434743881226,
          1.0000003576278687,
          0.9988552331924438,
          0.997073769569397,
          0.9981566667556763,
          0.99837327003479,
          0.767844557762146
        ],
        [
          0.7648195028305054,
          0.9988551735877991,
          1.000000238418579,
          0.9971673488616943,
          0.9981982707977295,
          0.9981938600540161,
          0.7683518528938293
        ],
        [
          0.7677618861198425,
          0.997073769569397,
          0.9971673488616943,
          0.9999997615814209,
          0.9955881237983704,
          0.9982279539108276,
          0.7648981809616089
        ],
        [
          0.7669613361358643,
          0.9981566667556763,
          0.9981982707977295,
          0.9955881834030151,
          1.0000001192092896,
          0.9976568222045898,
          0.7698091268539429
        ],
        [
          0.7683266401290894,
          0.99837327003479,
          0.9981938004493713,
          0.9982279539108276,
          0.9976568222045898,
          1.0,
          0.7687490582466125
        ],
        [
          0.791105329990387,
          0.767844557762146,
          0.7683518528938293,
          0.7648981809616089,
          0.7698091268539429,
          0.7687490582466125,
          0.9999999403953552
        ]
      ],
      "models": [
        "olmo3-instruct-sft",
        "olmo3-rl-zero-code",
        "olmo3-rl-zero-general",
        "olmo3-rl-zero-if",
        "olmo3-rl-zero-math",
        "olmo3-rl-zero-mix",
        "olmo3-think-sft"
      ]
    },
    "28": {
      "matrix": [
        [
          0.9999998807907104,
          0.7291545271873474,
          0.7274425029754639,
          0.7307571768760681,
          0.7290445566177368,
          0.7309216260910034,
          0.7558397650718689
        ],
        [
          0.7291545271873474,
          1.0,
          0.9985748529434204,
          0.9965385794639587,
          0.9975247383117676,
          0.9980519413948059,
          0.7362191081047058
        ],
        [
          0.7274425029754639,
          0.9985748529434204,
          0.9999999403953552,
          0.9968714118003845,
          0.9976032972335815,
          0.997969925403595,
          0.7379498481750488
        ],
        [
          0.7307571172714233,
          0.9965385794639587,
          0.9968714118003845,
          1.0000001192092896,
          0.994723916053772,
          0.9979551434516907,
          0.7345007658004761
        ],
        [
          0.7290445566177368,
          0.9975247383117676,
          0.9976032972335815,
          0.994723916053772,
          1.0,
          0.9970760941505432,
          0.738345742225647
        ],
        [
          0.7309216260910034,
          0.9980519413948059,
          0.997969925403595,
          0.9979552030563354,
          0.9970760941505432,
          1.0000001192092896,
          0.7375929355621338
        ],
        [
          0.7558397650718689,
          0.7362191081047058,
          0.7379498481750488,
          0.7345007658004761,
          0.738345742225647,
          0.7375929355621338,
          0.9999998807907104
        ]
      ],
      "models": [
        "olmo3-instruct-sft",
        "olmo3-rl-zero-code",
        "olmo3-rl-zero-general",
        "olmo3-rl-zero-if",
        "olmo3-rl-zero-math",
        "olmo3-rl-zero-mix",
        "olmo3-think-sft"
      ]
    },
    "31": {
      "matrix": [
        [
          1.0,
          0.7461879253387451,
          0.748468279838562,
          0.7503349184989929,
          0.7422987222671509,
          0.748075544834137,
          0.8481695652008057
        ],
        [
          0.7461879253387451,
          1.0000001192092896,
          0.9984946846961975,
          0.9970081448554993,
          0.9980498552322388,
          0.9984954595565796,
          0.7418598532676697
        ],
        [
          0.748468279838562,
          0.9984946250915527,
          1.0000001192092896,
          0.9977474808692932,
          0.9971163272857666,
          0.998410165309906,
          0.7444895505905151
        ],
        [
          0.7503348588943481,
          0.9970081448554993,
          0.9977474808692932,
          1.0,
          0.9955519437789917,
          0.9985424280166626,
          0.7429588437080383
        ],
        [
          0.7422987222671509,
          0.9980498552322388,
          0.9971163272857666,
          0.9955519437789917,
          1.0000001192092896,
          0.9977741241455078,
          0.7390731573104858
        ],
        [
          0.748075544834137,
          0.9984954595565796,
          0.998410165309906,
          0.9985424280166626,
          0.9977741241455078,
          1.000000238418579,
          0.7426551580429077
        ],
        [
          0.8481695652008057,
          0.7418598532676697,
          0.7444895505905151,
          0.7429588437080383,
          0.7390731573104858,
          0.7426551580429077,
          1.0000001192092896
        ]
      ],
      "models": [
        "olmo3-instruct-sft",
        "olmo3-rl-zero-code",
        "olmo3-rl-zero-general",
        "olmo3-rl-zero-if",
        "olmo3-rl-zero-math",
        "olmo3-rl-zero-mix",
        "olmo3-think-sft"
      ]
    }
  },
  "code": {
    "3": {
      "matrix": [
        [
          0.9999999403953552,
          0.8655972480773926,
          0.8687084913253784,
          0.8665315508842468,
          0.8683776259422302,
          0.868252694606781,
          0.952004611492157
        ],
        [
          0.8655972480773926,
          1.000000238418579,
          0.9995161294937134,
          0.9993467926979065,
          0.9995056986808777,
          0.9995119571685791,
          0.859935462474823
        ],
        [
          0.8687084913253784,
          0.9995160102844238,
          1.0,
          0.9994515180587769,
          0.9998972415924072,
          0.9997636079788208,
          0.8632106184959412
        ],
        [
          0.8665315508842468,
          0.9993467926979065,
          0.9994515180587769,
          1.0000001192092896,
          0.9993264079093933,
          0.9995958209037781,
          0.861915647983551
        ],
        [
          0.8683776259422302,
          0.9995056986808777,
          0.9998972415924072,
          0.9993264079093933,
          1.0000001192092896,
          0.9997344017028809,
          0.8628791570663452
        ],
        [
          0.868252694606781,
          0.9995119571685791,
          0.9997636079788208,
          0.9995958209037781,
          0.9997344017028809,
          1.000000238418579,
          0.8631500005722046
        ],
        [
          0.952004611492157,
          0.859935462474823,
          0.8632106184959412,
          0.861915647983551,
          0.8628791570663452,
          0.863149881362915,
          0.9999999403953552
        ]
      ],
      "models": [
        "olmo3-instruct-sft",
        "olmo3-rl-zero-code",
        "olmo3-rl-zero-general",
        "olmo3-rl-zero-if",
        "olmo3-rl-zero-math",
        "olmo3-rl-zero-mix",
        "olmo3-think-sft"
      ]
    },
    "6": {
      "matrix": [
        [
          1.0,
          0.8146647214889526,
          0.8183965086936951,
          0.8158135414123535,
          0.8184952735900879,
          0.8168803453445435,
          0.9106588959693909
        ],
        [
          0.8146647214889526,
          1.0000001192092896,
          0.9987064599990845,
          0.9977130889892578,
          0.9985883831977844,
          0.99830162525177,
          0.8039965033531189
        ],
        [
          0.8183965086936951,
          0.9987064599990845,
          1.0,
          0.9983698725700378,
          0.9997134208679199,
          0.9986408948898315,
          0.808114230632782
        ],
        [
          0.8158135414123535,
          0.9977130889892578,
          0.9983698725700378,
          1.0,
          0.9978383779525757,
          0.9990033507347107,
          0.8078138828277588
        ],
        [
          0.8184952735900879,
          0.9985883831977844,
          0.9997134208679199,
          0.9978383779525757,
          1.0000001192092896,
          0.9983056783676147,
          0.8072372674942017
        ],
        [
          0.8168803453445435,
          0.99830162525177,
          0.9986410140991211,
          0.9990033507347107,
          0.9983056783676147,
          0.9999998807907104,
          0.8099077939987183
        ],
        [
          0.9106588959693909,
          0.8039965033531189,
          0.808114230632782,
          0.8078138828277588,
          0.8072372674942017,
          0.8099077939987183,
          0.9999999403953552
        ]
      ],
      "models": [
        "olmo3-instruct-sft",
        "olmo3-rl-zero-code",
        "olmo3-rl-zero-general",
        "olmo3-rl-zero-if",
        "olmo3-rl-zero-math",
        "olmo3-rl-zero-mix",
        "olmo3-think-sft"
      ]
    },
    "9": {
      "matrix": [
        [
          1.000000238418579,
          0.8053954839706421,
          0.8079296946525574,
          0.80666184425354,
          0.8080410957336426,
          0.8076261281967163,
          0.882014274597168
        ],
        [
          0.8053954839706421,
          1.0000001192092896,
          0.998146116733551,
          0.9962205290794373,
          0.9981132745742798,
          0.9978076815605164,
          0.772365927696228
        ],
        [
          0.8079296946525574,
          0.9981460571289062,
          1.000000238418579,
          0.9971675872802734,
          0.9995125532150269,
          0.9978740811347961,
          0.7752220034599304
        ],
        [
          0.8066619038581848,
          0.9962205290794373,
          0.9971675872802734,
          1.0000001192092896,
          0.9963788986206055,
          0.9984321594238281,
          0.7784408330917358
        ],
        [
          0.8080410957336426,
          0.9981132745742798,
          0.9995125532150269,
          0.9963788986206055,
          0.9999998211860657,
          0.9976493716239929,
          0.7746016383171082
        ],
        [
          0.8076261281967163,
          0.9978076815605164,
          0.9978740811347961,
          0.9984321594238281,
          0.9976493716239929,
          1.000000238418579,
          0.781157374382019
        ],
        [
          0.8820142149925232,
          0.772365927696228,
          0.7752220034599304,
          0.7784408330917358,
          0.7746016383171082,
          0.781157374382019,
          0.9999998211860657
        ]
      ],
      "models": [
        "olmo3-instruct-sft",
        "olmo3-rl-zero-code",
        "olmo3-rl-zero-general",
        "olmo3-rl-zero-if",
        "olmo3-rl-zero-math",
        "olmo3-rl-zero-mix",
        "olmo3-think-sft"
      ]
    },
    "12": {
      "matrix": [
        [
          1.000000238418579,
          0.8269739151000977,
          0.8282259106636047,
          0.8279003500938416,
          0.8281530141830444,
          0.8290517330169678,
          0.8556762337684631
        ],
        [
          0.8269739151000977,
          1.0,
          0.9975415468215942,
          0.9954111576080322,
          0.9976317882537842,
          0.9976251125335693,
          0.7673798203468323
        ],
        [
          0.8282259106636047,
          0.9975415468215942,
          0.9999998807907104,
          0.9968128800392151,
          0.9993188977241516,
          0.9978868365287781,
          0.7706894874572754
        ],
        [
          0.8279003500938416,
          0.9954111576080322,
          0.9968128800392151,
          1.000000238418579,
          0.9959166049957275,
          0.9981080293655396,
          0.7747335433959961
        ],
        [
          0.8281530141830444,
          0.9976317882537842,
          0.9993188977241516,
          0.9959166049957275,
          1.000000238418579,
          0.9975215792655945,
          0.7687115669250488
        ],
        [
          0.8290517330169678,
          0.9976251125335693,
          0.9978868365287781,
          0.9981080293655396,
          0.9975215792655945,
          1.0000001192092896,
          0.7760090231895447
        ],
        [
          0.8556762337684631,
          0.7673798203468323,
          0.7706894874572754,
          0.7747335433959961,
          0.7687115669250488,
          0.7760090231895447,
          0.9999998211860657
        ]
      ],
      "models": [
        "olmo3-instruct-sft",
        "olmo3-rl-zero-code",
        "olmo3-rl-zero-general",
        "olmo3-rl-zero-if",
        "olmo3-rl-zero-math",
        "olmo3-rl-zero-mix",
        "olmo3-think-sft"
      ]
    },
    "16": {
      "matrix": [
        [
          1.0000001192092896,
          0.8506996631622314,
          0.8522716760635376,
          0.8501396775245667,
          0.853127658367157,
          0.852599561214447,
          0.8213286399841309
        ],
        [
          0.8506996631622314,
          0.9999998807907104,
          0.9970574378967285,
          0.9950438737869263,
          0.9968843460083008,
          0.9975759983062744,
          0.7610170841217041
        ],
        [
          0.8522716760635376,
          0.9970574378967285,
          0.9999999403953552,
          0.9969308376312256,
          0.9989899396896362,
          0.997870922088623,
          0.7664598822593689
        ],
        [
          0.8501396775245667,
          0.9950438737869263,
          0.9969307780265808,
          0.9999998807907104,
          0.9960731267929077,
          0.9979507923126221,
          0.7612942457199097
        ],
        [
          0.853127658367157,
          0.9968843460083008,
          0.9989899396896362,
          0.9960731863975525,
          0.9999996423721313,
          0.9974456429481506,
          0.765730082988739
        ],
        [
          0.852599561214447,
          0.9975759983062744,
          0.997870922088623,
          0.9979509115219116,
          0.9974456429481506,
          1.0,
          0.7657001614570618
        ],
        [
          0.8213286399841309,
          0.7610170841217041,
          0.7664598822593689,
          0.7612942457199097,
          0.765730082988739,
          0.7657001614570618,
          1.0000001192092896
        ]
      ],
      "models": [
        "olmo3-instruct-sft",
        "olmo3-rl-zero-code",
        "olmo3-rl-zero-general",
        "olmo3-rl-zero-if",
        "olmo3-rl-zero-math",
        "olmo3-rl-zero-mix",
        "olmo3-think-sft"
      ]
    },
    "19": {
      "matrix": [
        [
          1.000000238418579,
          0.8530269265174866,
          0.8544759750366211,
          0.8517085313796997,
          0.8553208112716675,
          0.8546271324157715,
          0.8282690644264221
        ],
        [
          0.8530269265174866,
          1.000000238418579,
          0.9968271851539612,
          0.9945082664489746,
          0.996778666973114,
          0.9978684186935425,
          0.7696260213851929
        ],
        [
          0.8544758558273315,
          0.9968271851539612,
          1.0000001192092896,
          0.9967871904373169,
          0.9990007281303406,
          0.9979395866394043,
          0.7745177745819092
        ],
        [
          0.8517085313796997,
          0.9945082664489746,
          0.9967871308326721,
          1.0,
          0.9964495897293091,
          0.9977514147758484,
          0.7681227326393127
        ],
        [
          0.8553208112716675,
          0.996778666973114,
          0.9990007281303406,
          0.9964495301246643,
          1.0000001192092896,
          0.9978979229927063,
          0.775759220123291
        ],
        [
          0.8546271324157715,
          0.9978684186935425,
          0.9979395866394043,
          0.9977514743804932,
          0.9978979229927063,
          1.000000238418579,
          0.7725493311882019
        ],
        [
          0.8282690644264221,
          0.7696259617805481,
          0.7745177745819092,
          0.7681227326393127,
          0.775759220123291,
          0.7725493311882019,
          1.000000238418579
        ]
      ],
      "models": [
        "olmo3-instruct-sft",
        "olmo3-rl-zero-code",
        "olmo3-rl-zero-general",
        "olmo3-rl-zero-if",
        "olmo3-rl-zero-math",
        "olmo3-rl-zero-mix",
        "olmo3-think-sft"
      ]
    },
    "22": {
      "matrix": [
        [
          1.0,
          0.8313314318656921,
          0.8344171643257141,
          0.8301490545272827,
          0.8345013856887817,
          0.8324623107910156,
          0.8106114268302917
        ],
        [
          0.8313314318656921,
          1.0000001192092896,
          0.9960954189300537,
          0.9938037395477295,
          0.9963292479515076,
          0.9976015090942383,
          0.7306400537490845
        ],
        [
          0.8344171643257141,
          0.9960954189300537,
          1.0,
          0.996111273765564,
          0.9987677335739136,
          0.9972420334815979,
          0.7411484122276306
        ],
        [
          0.8301490545272827,
          0.9938036799430847,
          0.996111273765564,
          1.0,
          0.9959031343460083,
          0.9973423480987549,
          0.7350825071334839
        ],
        [
          0.8345013856887817,
          0.9963292479515076,
          0.9987677335739136,
          0.9959031343460083,
          1.0,
          0.9976397752761841,
          0.7407923936843872
        ],
        [
          0.8324623107910156,
          0.9976015090942383,
          0.9972420334815979,
          0.9973422288894653,
          0.9976397752761841,
          1.0,
          0.7349731922149658
        ],
        [
          0.810611367225647,
          0.7306400537490845,
          0.7411484122276306,
          0.7350825071334839,
          0.7407923936843872,
          0.7349731922149658,
          0.9999999403953552
        ]
      ],
      "models": [
        "olmo3-instruct-sft",
        "olmo3-rl-zero-code",
        "olmo3-rl-zero-general",
        "olmo3-rl-zero-if",
        "olmo3-rl-zero-math",
        "olmo3-rl-zero-mix",
        "olmo3-think-sft"
      ]
    },
    "25": {
      "matrix": [
        [
          1.0000001192092896,
          0.7844215631484985,
          0.7898081541061401,
          0.7857782244682312,
          0.7896572351455688,
          0.7870281338691711,
          0.7725660800933838
        ],
        [
          0.7844215631484985,
          1.0,
          0.9954291582107544,
          0.99274742603302,
          0.995659589767456,
          0.997124433517456,
          0.6831122040748596
        ],
        [
          0.7898080945014954,
          0.9954291582107544,
          1.0000001192092896,
          0.9953635931015015,
          0.9984815716743469,
          0.9967089295387268,
          0.6928504705429077
        ],
        [
          0.7857781648635864,
          0.99274742603302,
          0.9953635931015015,
          1.000000238418579,
          0.995136559009552,
          0.9967343807220459,
          0.6882759928703308
        ],
        [
          0.7896572351455688,
          0.995659589767456,
          0.9984815716743469,
          0.995136559009552,
          1.0,
          0.9971656799316406,
          0.6937077045440674
        ],
        [
          0.7870281338691711,
          0.997124433517456,
          0.9967089295387268,
          0.9967343807220459,
          0.9971656799316406,
          1.0,
          0.6888091564178467
        ],
        [
          0.7725660800933838,
          0.6831122040748596,
          0.6928504705429077,
          0.6882759928703308,
          0.6937077045440674,
          0.6888091564178467,
          1.0
        ]
      ],
      "models": [
        "olmo3-instruct-sft",
        "olmo3-rl-zero-code",
        "olmo3-rl-zero-general",
        "olmo3-rl-zero-if",
        "olmo3-rl-zero-math",
        "olmo3-rl-zero-mix",
        "olmo3-think-sft"
      ]
    },
    "28": {
      "matrix": [
        [
          0.9999999403953552,
          0.756335973739624,
          0.7618442177772522,
          0.7550848722457886,
          0.7615100145339966,
          0.7591550946235657,
          0.7523866891860962
        ],
        [
          0.756335973739624,
          1.0000001192092896,
          0.9945994019508362,
          0.9912688732147217,
          0.9946740865707397,
          0.9965466260910034,
          0.6536061763763428
        ],
        [
          0.7618442177772522,
          0.9945994019508362,
          1.0,
          0.9944760799407959,
          0.9981923699378967,
          0.9963125586509705,
          0.6644831299781799
        ],
        [
          0.7550848126411438,
          0.9912688732147217,
          0.9944760799407959,
          1.0,
          0.9941534399986267,
          0.9962013363838196,
          0.656642735004425
        ],
        [
          0.7615100145339966,
          0.9946740865707397,
          0.9981923699378967,
          0.9941534996032715,
          1.0,
          0.9967228174209595,
          0.6664834022521973
        ],
        [
          0.7591550946235657,
          0.9965466260910034,
          0.9963125586509705,
          0.9962013363838196,
          0.9967228174209595,
          1.0000001192092896,
          0.6601749658584595
        ],
        [
          0.7523866891860962,
          0.6536061763763428,
          0.6644831299781799,
          0.656642735004425,
          0.6664834022521973,
          0.6601749658584595,
          1.0000001192092896
        ]
      ],
      "models": [
        "olmo3-instruct-sft",
        "olmo3-rl-zero-code",
        "olmo3-rl-zero-general",
        "olmo3-rl-zero-if",
        "olmo3-rl-zero-math",
        "olmo3-rl-zero-mix",
        "olmo3-think-sft"
      ]
    },
    "31": {
      "matrix": [
        [
          1.000000238418579,
          0.7235531210899353,
          0.729468047618866,
          0.7214783430099487,
          0.7262085676193237,
          0.7272553443908691,
          0.8581328988075256
        ],
        [
          0.7235531210899353,
          1.000000238418579,
          0.9963294863700867,
          0.9939011335372925,
          0.9964910745620728,
          0.9978723526000977,
          0.7344722747802734
        ],
        [
          0.729468047618866,
          0.9963295459747314,
          0.9999998807907104,
          0.9957805871963501,
          0.9984623193740845,
          0.9976338148117065,
          0.7416692972183228
        ],
        [
          0.7214783430099487,
          0.9939011335372925,
          0.9957805871963501,
          1.0,
          0.9957365989685059,
          0.9974260330200195,
          0.735646665096283
        ],
        [
          0.7262085676193237,
          0.9964910745620728,
          0.9984623193740845,
          0.9957365393638611,
          1.0000001192092896,
          0.997624933719635,
          0.7419848442077637
        ],
        [
          0.7272553443908691,
          0.9978723526000977,
          0.9976338148117065,
          0.9974260330200195,
          0.997624933719635,
          1.0,
          0.7393324375152588
        ],
        [
          0.8581328988075256,
          0.7344722747802734,
          0.7416692972183228,
          0.735646665096283,
          0.7419848442077637,
          0.7393324375152588,
          1.0000001192092896
        ]
      ],
      "models": [
        "olmo3-instruct-sft",
        "olmo3-rl-zero-code",
        "olmo3-rl-zero-general",
        "olmo3-rl-zero-if",
        "olmo3-rl-zero-math",
        "olmo3-rl-zero-mix",
        "olmo3-think-sft"
      ]
    }
  },
  "if": {
    "3": {
      "matrix": [
        [
          0.9999999403953552,
          0.8546602725982666,
          0.8579668998718262,
          0.8574460744857788,
          0.8578261733055115,
          0.8589370250701904,
          0.9501448273658752
        ],
        [
          0.8546602725982666,
          1.000000238418579,
          0.9995927214622498,
          0.9991713762283325,
          0.99957275390625,
          0.9995181560516357,
          0.8560813665390015
        ],
        [
          0.8579668998718262,
          0.9995927214622498,
          0.9999998807907104,
          0.9991881251335144,
          0.9999065399169922,
          0.9996987581253052,
          0.8597565293312073
        ],
        [
          0.8574460744857788,
          0.9991713762283325,
          0.9991881251335144,
          1.000000238418579,
          0.9990774393081665,
          0.9994817972183228,
          0.8596287369728088
        ],
        [
          0.8578261733055115,
          0.99957275390625,
          0.9999065399169922,
          0.9990774393081665,
          0.9999998807907104,
          0.9996709823608398,
          0.8595945835113525
        ],
        [
          0.8589370250701904,
          0.9995181560516357,
          0.9996987581253052,
          0.9994817972183228,
          0.9996709823608398,
          1.0000001192092896,
          0.8606848120689392
        ],
        [
          0.9501448273658752,
          0.8560814261436462,
          0.8597565293312073,
          0.8596287369728088,
          0.8595945835113525,
          0.8606848120689392,
          1.0
        ]
      ],
      "models": [
        "olmo3-instruct-sft",
        "olmo3-rl-zero-code",
        "olmo3-rl-zero-general",
        "olmo3-rl-zero-if",
        "olmo3-rl-zero-math",
        "olmo3-rl-zero-mix",
        "olmo3-think-sft"
      ]
    },
    "6": {
      "matrix": [
        [
          1.0,
          0.7962659001350403,
          0.7981870174407959,
          0.8025765419006348,
          0.7977195382118225,
          0.8028782606124878,
          0.910876989364624
        ],
        [
          0.7962659001350403,
          1.000000238418579,
          0.9992645978927612,
          0.9951838254928589,
          0.9991405010223389,
          0.9964128732681274,
          0.787450909614563
        ],
        [
          0.7981870174407959,
          0.9992645978927612,
          1.0000001192092896,
          0.9948203563690186,
          0.9996381998062134,
          0.9959536194801331,
          0.7906215190887451
        ],
        [
          0.8025765419006348,
          0.9951838850975037,
          0.9948203563690186,
          0.9999999403953552,
          0.994127631187439,
          0.997628927230835,
          0.7967566251754761
        ],
        [
          0.7977195382118225,
          0.9991405010223389,
          0.9996381998062134,
          0.9941275119781494,
